"ID"	"Gender"	"Time.Format"	"Place"	"Time.Seconds"	"MPH"
1	1	"5:49:48"	2475	20988	4.49721
2	1	"5:19:25"	2232	19165	4.92499
3	1	"4:40:16"	1635	16816	5.61296
4	1	"4:15:36"	1121	15336	6.15464
5	1	"4:19:16"	1204	15556	6.06759
6	1	"5:29:49"	2327	19789	4.7697
7	1	"4:19:08"	1201	15548	6.07072
8	1	"4:22:25"	1260	15745	5.99476
9	1	"6:07:41"	2499	22061	4.27848
10	1	"3:37:22"	352	13042	7.2372
11	1	"5:16:38"	2200	18998	4.96829
12	1	"4:59:29"	1979	17969	5.2528
13	1	"3:35:50"	327	12950	7.28861
14	1	"4:17:05"	1153	15425	6.11913
15	1	"4:25:49"	1334	15949	5.91808
16	1	"4:47:26"	1792	17246	5.47301
17	1	"4:29:07"	1403	16147	5.84551
18	1	"4:45:09"	1742	17109	5.51683
19	1	"3:53:54"	660	14034	6.72563
20	1	"4:03:51"	877	14631	6.4512
21	1	"4:38:24"	1605	16704	5.65059
22	1	"4:49:35"	1831	17375	5.43237
23	1	"4:13:19"	1071	15199	6.21011
24	1	"4:56:57"	1942	17817	5.29761
25	1	"4:34:43"	1515	16483	5.72635
26	1	"5:05:52"	2069	18352	5.14317
27	1	"4:45:18"	1750	17118	5.51393
28	1	"4:36:34"	1565	16594	5.68805
29	1	"3:15:02"	99	11702	8.06593
30	1	"4:25:34"	1327	15934	5.92365
31	1	"5:01:27"	2005	18087	5.21853
32	1	"4:16:09"	1137	15369	6.14142
33	1	"5:40:07"	2420	20407	4.62525
34	1	"4:10:31"	1010	15031	6.27952
35	1	"4:54:21"	1895	17661	5.3444
36	1	"5:37:13"	2393	20233	4.66503
37	1	"3:42:35"	432	13355	7.06758
38	1	"4:04:36"	890	14676	6.43142
39	1	"3:19:56"	135	11996	7.86825
40	1	"4:20:41"	1234	15641	6.03462
41	1	"4:28:17"	1382	16097	5.86367
42	1	"4:00:09"	806	14409	6.55059
43	1	"4:40:40"	1643	16840	5.60496
44	1	"4:01:04"	823	14464	6.52568
45	1	"5:36:27"	2386	20187	4.67566
46	1	"3:33:22"	291	12802	7.37287
47	1	"4:07:19"	939	14839	6.36077
48	1	"4:39:05"	1617	16745	5.63676
49	1	"3:46:34"	500	13594	6.94332
50	1	"4:14:17"	1097	15257	6.18651
51	1	"5:06:07"	2074	18367	5.13897
52	1	"5:09:42"	2122	18582	5.07951
53	1	"4:44:30"	1731	17070	5.52944
54	1	"4:43:43"	1716	17023	5.5447
55	1	"4:52:16"	1876	17536	5.3825
56	1	"4:43:31"	1713	17011	5.54862
57	1	"4:45:43"	1759	17143	5.50589
58	1	"5:08:46"	2112	18526	5.09487
59	1	"4:05:41"	903	14741	6.40306
60	1	"4:25:15"	1324	15915	5.93073
61	1	"4:09:15"	979	14955	6.31143
62	1	"3:50:22"	575	13822	6.82879
63	1	"3:55:15"	697	14115	6.68704
64	1	"3:45:23"	475	13523	6.97978
65	1	"4:32:25"	1473	16345	5.7747
66	1	"5:10:59"	2140	18659	5.05855
67	1	"5:16:39"	2201	18999	4.96803
68	1	"5:30:17"	2336	19817	4.76296
69	1	"4:41:26"	1661	16886	5.58969
70	1	"3:36:56"	348	13016	7.25165
71	1	"5:25:52"	2293	19552	4.82751
72	1	"5:14:10"	2169	18850	5.00729
73	1	"4:32:10"	1468	16330	5.78001
74	1	"4:35:37"	1532	16537	5.70766
75	1	"3:53:05"	635	13985	6.7492
76	1	"3:19:11"	124	11951	7.89788
77	1	"5:09:54"	2125	18594	5.07623
78	1	"5:27:42"	2309	19662	4.8005
79	1	"3:26:19"	192	12379	7.62481
80	1	"5:27:54"	2311	19674	4.79758
81	1	"4:32:50"	1480	16370	5.76588
82	1	"4:52:52"	1886	17572	5.37147
83	1	"4:36:44"	1571	16604	5.68462
84	1	"5:39:14"	2409	20354	4.6373
85	1	"5:21:47"	2255	19307	4.88877
86	1	"4:00:21"	808	14421	6.54514
87	1	"4:55:14"	1914	17714	5.32841
88	1	"4:19:20"	1206	15560	6.06604
89	1	"3:29:58"	250	12598	7.49226
90	1	"3:28:37"	227	12517	7.54075
91	1	"4:22:08"	1254	15728	6.00124
92	1	"4:55:20"	1915	17720	5.32661
93	1	"3:50:09"	571	13809	6.83522
94	1	"5:22:51"	2265	19371	4.87262
95	1	"4:16:10"	1138	15370	6.14102
96	1	"4:30:40"	1438	16240	5.81204
97	1	"3:54:11"	664	14051	6.71749
98	1	"4:23:47"	1288	15827	5.9637
99	1	"3:41:52"	417	13312	7.09041
100	1	"5:30:17"	2335	19817	4.76296
101	1	"4:43:33"	1714	17013	5.54796
102	1	"5:29:06"	2322	19746	4.78008
103	1	"4:20:10"	1224	15610	6.04661
104	1	"4:16:22"	1140	15382	6.13623
105	1	"5:20:18"	2245	19218	4.91141
106	1	"5:08:17"	2105	18497	5.10286
107	1	"4:54:32"	1898	17672	5.34108
108	1	"4:22:40"	1265	15760	5.98906
109	1	"5:24:49"	2284	19489	4.84312
110	1	"5:42:39"	2444	20559	4.59106
111	1	"4:52:51"	1884	17571	5.37178
112	1	"4:03:30"	872	14610	6.46047
113	1	"5:06:25"	2083	18385	5.13394
114	1	"3:40:31"	396	13231	7.13382
115	1	"5:01:56"	2009	18116	5.21017
116	1	"4:48:54"	1822	17334	5.44522
117	1	"4:41:52"	1677	16912	5.5811
118	1	"5:42:51"	2445	20571	4.58838
119	1	"5:26:35"	2297	19595	4.81692
120	1	"5:27:22"	2303	19642	4.80539
121	1	"4:58:07"	1953	17887	5.27688
122	1	"4:09:22"	982	14962	6.30848
123	1	"5:15:06"	2176	18906	4.99246
124	1	"4:02:16"	848	14536	6.49336
125	1	"3:54:39"	678	14079	6.70413
126	1	"4:41:51"	1674	16911	5.58143
127	1	"4:26:34"	1351	15994	5.90143
128	1	"4:07:28"	941	14848	6.35692
129	1	"3:53:16"	645	13996	6.74389
130	1	"4:36:43"	1570	16603	5.68497
131	1	"4:25:16"	1325	15916	5.93035
132	1	"5:20:07"	2242	19207	4.91422
133	1	"4:34:18"	1502	16458	5.73505
134	1	"5:05:20"	2061	18320	5.15216
135	1	"5:41:56"	2437	20516	4.60068
136	1	"5:32:36"	2358	19956	4.72978
137	1	"4:49:59"	1841	17399	5.42488
138	1	"5:39:40"	2414	20380	4.63138
139	1	"4:18:54"	1197	15534	6.07619
140	1	"3:54:12"	665	14052	6.71702
141	1	"4:41:51"	1675	16911	5.58143
142	1	"3:53:25"	648	14005	6.73956
143	1	"4:45:09"	1743	17109	5.51683
144	1	"3:30:18"	260	12618	7.48039
145	1	"3:54:42"	680	14082	6.70271
146	1	"5:18:04"	2220	19084	4.9459
147	1	"4:52:25"	1880	17545	5.37974
148	1	"3:40:44"	399	13244	7.12681
149	1	"4:15:14"	1116	15314	6.16348
150	1	"4:32:23"	1470	16343	5.77541
151	1	"3:33:24"	294	12804	7.37172
152	1	"4:30:07"	1423	16207	5.82387
153	1	"5:11:39"	2148	18699	5.04773
154	1	"5:23:15"	2270	19395	4.86659
155	1	"5:33:31"	2363	20011	4.71678
156	1	"3:36:00"	329	12960	7.28299
157	1	"3:43:56"	451	13436	7.02497
158	1	"4:37:23"	1585	16643	5.6713
159	1	"3:54:44"	682	14084	6.70175
160	1	"4:00:32"	814	14432	6.54015
161	1	"5:24:22"	2276	19462	4.84984
162	1	"3:50:22"	576	13822	6.82879
163	1	"4:47:49"	1799	17269	5.46572
164	1	"4:42:54"	1695	16974	5.56071
165	1	"4:43:41"	1715	17021	5.54536
166	1	"4:20:05"	1222	15605	6.04854
167	1	"5:16:21"	2192	18981	4.97274
168	1	"4:22:47"	1270	15767	5.9864
169	1	"5:24:46"	2281	19486	4.84386
170	1	"4:02:10"	847	14530	6.49604
171	1	"5:19:32"	2234	19172	4.9232
172	1	"4:09:43"	988	14983	6.29964
173	1	"3:50:27"	578	13827	6.82632
174	1	"3:17:18"	114	11838	7.97326
175	1	"4:50:30"	1851	17430	5.41523
176	1	"4:56:04"	1927	17764	5.31342
177	1	"4:44:58"	1738	17098	5.52038
178	1	"4:36:23"	1559	16583	5.69182
179	1	"4:26:20"	1347	15980	5.9066
180	1	"3:59:41"	798	14381	6.56335
181	1	"3:29:32"	243	12572	7.50776
182	1	"4:46:35"	1777	17195	5.48924
183	1	"5:33:46"	2364	20026	4.71325
184	1	"5:23:14"	2269	19394	4.86684
185	1	"4:28:44"	1396	16124	5.85385
186	1	"4:49:58"	1840	17398	5.42519
187	1	"4:26:18"	1344	15978	5.90734
188	1	"4:35:54"	1537	16554	5.70179
189	1	"3:57:24"	749	14244	6.62647
190	1	"4:07:33"	944	14853	6.35478
191	1	"4:09:18"	981	14958	6.31017
192	1	"4:56:24"	1934	17784	5.30744
193	1	"3:40:49"	400	13249	7.12412
194	1	"4:41:04"	1652	16864	5.59698
195	1	"3:51:46"	606	13906	6.78754
196	1	"4:33:59"	1495	16439	5.74168
197	1	"4:17:32"	1169	15452	6.10843
198	1	"4:04:12"	882	14652	6.44195
199	1	"5:31:11"	2343	19871	4.75001
200	1	"4:12:13"	1046	15133	6.2372
201	1	"4:20:11"	1225	15611	6.04622
202	1	"3:43:45"	448	13425	7.03073
203	1	"4:45:31"	1755	17131	5.50975
204	1	"4:36:32"	1563	16592	5.68874
205	1	"5:24:43"	2280	19483	4.84461
206	1	"3:58:44"	775	14324	6.58947
207	1	"4:08:30"	961	14910	6.33048
208	1	"5:17:03"	2207	19023	4.96176
209	1	"5:19:38"	2236	19178	4.92166
210	1	"4:55:54"	1924	17754	5.31641
211	1	"4:13:46"	1087	15226	6.1991
212	1	"4:02:59"	859	14579	6.47421
213	1	"4:34:14"	1500	16454	5.73645
214	1	"5:22:42"	2264	19362	4.87488
215	1	"3:43:42"	447	13422	7.0323
216	1	"5:01:58"	2011	18118	5.2096
217	1	"4:37:51"	1593	16671	5.66178
218	1	"3:46:19"	494	13579	6.95099
219	1	"5:39:43"	2415	20383	4.6307
220	1	"5:33:58"	2367	20038	4.71043
221	1	"5:17:54"	2215	19074	4.94849
222	1	"4:48:36"	1814	17316	5.45088
223	1	"3:49:43"	565	13783	6.84811
224	1	"4:27:20"	1362	16040	5.88451
225	1	"5:29:57"	2329	19797	4.76777
226	1	"5:38:27"	2401	20307	4.64803
227	1	"4:47:38"	1795	17258	5.4692
228	1	"5:41:52"	2436	20512	4.60158
229	1	"3:19:44"	131	11984	7.87613
230	1	"5:21:48"	2256	19308	4.88852
231	1	"3:29:51"	248	12591	7.49643
232	1	"4:38:53"	1612	16733	5.6408
233	1	"4:19:25"	1208	15565	6.06409
234	1	"4:15:03"	1114	15303	6.16791
235	1	"4:20:38"	1232	15638	6.03578
236	1	"5:00:14"	1993	18014	5.23968
237	1	"4:34:45"	1516	16485	5.72566
238	1	"5:20:54"	2250	19254	4.90223
239	1	"4:45:20"	1751	17120	5.51329
240	1	"4:39:42"	1625	16782	5.62433
241	1	"5:24:25"	2277	19465	4.84909
242	1	"4:50:07"	1843	17407	5.42239
243	1	"5:08:58"	2116	18538	5.09157
244	1	"4:57:47"	1950	17867	5.28278
245	1	"4:48:50"	1820	17330	5.44648
246	1	"4:16:39"	1148	15399	6.12946
247	1	"5:07:18"	2094	18438	5.11918
248	1	"4:38:22"	1603	16702	5.65127
249	1	"4:09:16"	980	14956	6.31101
250	1	"4:59:55"	1991	17995	5.24521
251	1	"4:28:15"	1380	16095	5.8644
252	1	"3:44:07"	456	13447	7.01922
253	1	"4:06:48"	925	14808	6.37409
254	1	"4:57:10"	1944	17830	5.29375
255	1	"3:55:00"	692	14100	6.69415
256	1	"4:59:18"	1977	17958	5.25601
257	1	"4:33:48"	1493	16428	5.74553
258	1	"5:04:25"	2051	18265	5.16767
259	1	"5:10:10"	2130	18610	5.07187
260	1	"4:24:48"	1312	15888	5.9408
261	1	"4:54:53"	1904	17693	5.33474
262	1	"4:55:11"	1910	17711	5.32932
263	1	"4:45:51"	1762	17151	5.50332
264	1	"4:30:11"	1425	16211	5.82244
265	1	"4:05:33"	900	14733	6.40654
266	1	"4:18:13"	1182	15493	6.09227
267	1	"3:48:40"	541	13720	6.87956
268	1	"4:49:58"	1839	17398	5.42519
269	1	"4:54:55"	1905	17695	5.33413
270	1	"5:12:08"	2151	18728	5.03991
271	1	"4:54:51"	1903	17691	5.33534
272	1	"6:06:13"	2495	21973	4.29561
273	1	"3:47:15"	520	13635	6.92244
274	1	"4:13:36"	1082	15216	6.20317
275	1	"4:46:08"	1767	17168	5.49787
276	1	"4:44:16"	1726	17056	5.53398
277	1	"3:33:23"	293	12803	7.3723
278	1	"4:36:50"	1572	16610	5.68257
279	1	"5:34:30"	2369	20070	4.70292
280	1	"4:00:26"	810	14426	6.54287
281	1	"3:02:15"	46	10935	8.63169
282	1	"4:11:31"	1026	15091	6.25456
283	1	"4:13:35"	1080	15215	6.20358
284	1	"5:04:35"	2054	18275	5.16484
285	1	"3:30:50"	268	12650	7.46146
286	1	"5:44:47"	2463	20687	4.56265
287	1	"5:13:05"	2156	18785	5.02462
288	1	"4:14:26"	1100	15266	6.18286
289	1	"5:31:48"	2350	19908	4.74118
290	1	"3:59:37"	796	14377	6.56517
291	1	"5:32:18"	2357	19938	4.73405
292	1	"5:22:35"	2263	19355	4.87665
293	1	"5:30:05"	2332	19805	4.76584
294	1	"5:07:39"	2101	18459	5.11336
295	1	"3:51:46"	605	13906	6.78754
296	1	"3:32:46"	284	12766	7.39366
297	1	"4:27:29"	1365	16049	5.88121
298	1	"5:03:24"	2033	18204	5.18499
299	1	"4:12:44"	1057	15164	6.22445
300	1	"4:47:22"	1790	17242	5.47428
301	1	"4:35:17"	1523	16517	5.71457
302	1	"5:03:04"	2029	18184	5.19069
303	1	"5:31:52"	2351	19912	4.74023
304	1	"5:08:32"	2108	18512	5.09872
305	1	"4:13:41"	1084	15221	6.20114
306	1	"4:42:21"	1686	16941	5.57154
307	1	"3:41:47"	414	13307	7.09307
308	1	"3:41:54"	418	13314	7.08934
309	1	"4:48:53"	1821	17333	5.44554
310	1	"3:56:49"	733	14209	6.6428
311	1	"4:27:29"	1366	16049	5.88121
312	1	"4:26:16"	1342	15976	5.90808
313	1	"4:43:12"	1705	16992	5.55482
314	1	"4:47:53"	1802	17273	5.46445
315	1	"5:19:53"	2238	19193	4.91781
316	1	"5:22:31"	2262	19351	4.87766
317	1	"5:43:35"	2455	20615	4.57858
318	1	"5:24:48"	2282	19488	4.84337
319	1	"3:30:03"	253	12603	7.48929
320	1	"4:43:54"	1723	17034	5.54112
321	1	"4:18:23"	1186	15503	6.08834
322	1	"3:51:31"	597	13891	6.79487
323	1	"5:15:54"	2184	18954	4.97982
324	1	"4:00:13"	807	14413	6.54878
325	1	"4:21:19"	1246	15679	6.02
326	1	"4:47:10"	1786	17230	5.47809
327	1	"5:42:25"	2442	20545	4.59418
328	1	"4:30:27"	1431	16227	5.81669
329	1	"5:35:21"	2379	20121	4.69099
330	1	"6:07:23"	2498	22043	4.28197
331	1	"4:05:57"	909	14757	6.39612
332	1	"5:43:27"	2452	20607	4.58036
333	1	"4:46:06"	1766	17166	5.49852
334	1	"5:28:35"	2315	19715	4.7876
335	1	"5:05:58"	2073	18358	5.14149
336	1	"4:33:04"	1483	16384	5.76096
337	1	"5:17:59"	2218	19079	4.94719
338	1	"4:42:05"	1681	16925	5.57681
339	1	"4:31:41"	1460	16301	5.79029
340	1	"3:51:55"	611	13915	6.78315
341	1	"3:46:23"	495	13583	6.94894
342	1	"4:01:44"	840	14504	6.50769
343	1	"5:06:12"	2079	18372	5.13757
344	1	"3:21:37"	147	12097	7.80255
345	1	"4:35:00"	1519	16500	5.72046
346	1	"3:45:19"	474	13519	6.98184
347	1	"3:25:00"	177	12300	7.67378
348	1	"5:32:06"	2355	19926	4.7369
349	1	"5:47:49"	2470	20869	4.52286
350	1	"4:51:10"	1864	17470	5.40283
351	1	"4:11:32"	1027	15092	6.25414
352	1	"4:48:09"	1807	17289	5.4594
353	1	"4:13:10"	1068	15190	6.21379
354	1	"4:15:37"	1122	15337	6.15424
355	1	"5:06:09"	2076	18369	5.13841
356	1	"5:11:10"	2141	18670	5.05557
357	1	"4:35:40"	1534	16540	5.70662
358	1	"4:04:32"	888	14672	6.43317
359	1	"3:48:56"	549	13736	6.87154
360	1	"4:26:33"	1350	15993	5.9018
361	1	"3:56:29"	720	14189	6.65216
362	1	"4:54:58"	1906	17698	5.33323
363	1	"5:33:50"	2365	20030	4.71231
364	1	"4:51:10"	1863	17470	5.40283
365	1	"4:29:20"	1408	16160	5.84081
366	1	"4:48:45"	1817	17325	5.44805
367	1	"4:13:05"	1064	15185	6.21584
368	1	"3:48:53"	548	13733	6.87304
369	1	"3:40:41"	398	13241	7.12843
370	1	"3:36:04"	330	12964	7.28074
371	1	"3:40:08"	390	13208	7.14624
372	1	"5:31:56"	2354	19916	4.73928
373	1	"4:27:19"	1360	16039	5.88487
374	1	"3:25:41"	181	12341	7.64829
375	1	"4:36:20"	1557	16580	5.69285
376	1	"4:18:21"	1184	15501	6.08912
377	1	"4:35:59"	1543	16559	5.70007
378	1	"5:16:45"	2202	19005	4.96646
379	1	"3:31:40"	276	12700	7.43209
380	1	"5:04:41"	2056	18281	5.16315
381	1	"4:36:09"	1551	16569	5.69663
382	1	"5:29:56"	2328	19796	4.76801
383	1	"4:47:40"	1797	17260	5.46857
384	1	"5:00:39"	1998	18039	5.23241
385	1	"5:04:01"	2045	18241	5.17447
386	1	"3:39:00"	377	13140	7.18322
387	1	"4:02:44"	857	14564	6.48088
388	1	"4:33:06"	1485	16386	5.76025
389	1	"5:15:40"	2182	18940	4.9835
390	1	"3:54:39"	679	14079	6.70413
391	1	"4:43:00"	1699	16980	5.55875
392	1	"3:56:48"	732	14208	6.64326
393	1	"5:36:29"	2388	20189	4.67519
394	1	"5:05:56"	2071	18356	5.14205
395	1	"4:46:36"	1778	17196	5.48892
396	1	"5:20:29"	2246	19229	4.9086
397	1	"4:59:05"	1972	17945	5.25982
398	1	"5:14:42"	2174	18882	4.99881
399	1	"4:40:02"	1632	16802	5.61764
400	1	"3:36:21"	340	12981	7.2712
401	1	"4:50:59"	1859	17459	5.40624
402	1	"4:27:02"	1358	16022	5.89112
403	1	"4:34:35"	1513	16475	5.72914
404	1	"4:55:54"	1923	17754	5.31641
405	1	"4:41:24"	1659	16884	5.59035
406	1	"4:49:28"	1829	17368	5.43456
407	1	"5:02:47"	2025	18167	5.19555
408	1	"3:54:26"	671	14066	6.71033
409	1	"4:43:23"	1708	17003	5.55123
410	1	"4:40:46"	1645	16846	5.60296
411	1	"3:47:06"	513	13626	6.92702
412	1	"4:28:26"	1392	16106	5.86039
413	1	"3:56:19"	714	14179	6.65685
414	1	"4:25:54"	1335	15954	5.91623
415	1	"4:28:55"	1400	16135	5.84986
416	1	"4:04:40"	891	14680	6.42967
417	1	"5:05:19"	2060	18319	5.15244
418	1	"5:16:30"	2196	18990	4.97038
419	1	"4:25:42"	1331	15942	5.92068
420	1	"4:56:29"	1936	17789	5.30595
421	1	"4:51:57"	1871	17517	5.38834
422	1	"5:28:13"	2314	19693	4.79295
423	1	"3:12:54"	85	11574	8.15513
424	1	"3:58:45"	777	14325	6.58901
425	1	"5:04:03"	2047	18243	5.1739
426	1	"4:06:06"	910	14766	6.39222
427	1	"3:52:08"	616	13928	6.77682
428	1	"5:10:02"	2128	18602	5.07405
429	1	"3:35:24"	318	12924	7.30327
430	1	"4:35:27"	1529	16527	5.71111
431	1	"4:15:02"	1113	15302	6.16831
432	1	"5:29:16"	2324	19756	4.77766
433	1	"4:48:01"	1804	17281	5.46192
434	1	"4:40:30"	1639	16830	5.60829
435	1	"5:00:16"	1995	18016	5.23909
436	1	"3:46:46"	504	13606	6.9372
437	1	"3:57:16"	746	14236	6.6302
438	1	"4:46:38"	1779	17198	5.48828
439	1	"4:23:52"	1294	15832	5.96182
440	1	"5:17:03"	2206	19023	4.96176
441	1	"4:17:09"	1155	15429	6.11754
442	1	"4:17:37"	1170	15457	6.10646
443	1	"4:27:57"	1373	16077	5.87097
444	1	"3:56:41"	726	14201	6.64654
445	1	"3:37:13"	350	13033	7.24219
446	1	"4:40:00"	1629	16800	5.6183
447	1	"4:24:59"	1316	15899	5.93669
448	1	"4:59:51"	1989	17991	5.24637
449	1	"5:13:18"	2159	18798	5.02115
450	1	"4:11:38"	1029	15098	6.25166
451	1	"3:31:32"	275	12692	7.43677
452	1	"4:59:41"	1986	17981	5.24929
453	1	"4:36:29"	1560	16589	5.68976
454	1	"4:05:40"	902	14740	6.40349
455	1	"5:30:10"	2334	19810	4.76464
456	1	"4:15:46"	1126	15346	6.15063
457	1	"4:18:58"	1198	15538	6.07462
458	1	"5:16:34"	2197	18994	4.96933
459	1	"4:45:24"	1752	17124	5.512
460	1	"4:58:29"	1959	17909	5.2704
461	1	"5:24:08"	2274	19448	4.85333
462	1	"4:37:42"	1591	16662	5.66484
463	1	"4:25:06"	1319	15906	5.93408
464	1	"4:07:00"	930	14820	6.36893
465	1	"4:45:31"	1756	17131	5.50975
466	1	"5:23:20"	2273	19400	4.86534
467	1	"4:21:47"	1253	15707	6.00926
468	1	"4:01:41"	838	14501	6.50903
469	1	"3:29:40"	246	12580	7.50298
470	1	"4:47:35"	1794	17255	5.47015
471	1	"5:01:14"	2003	18074	5.22228
472	1	"4:40:33"	1641	16833	5.60729
473	1	"5:37:11"	2392	20231	4.66549
474	1	"3:55:47"	705	14147	6.67191
475	1	"4:45:43"	1760	17143	5.50589
476	1	"4:19:13"	1203	15553	6.06877
477	1	"5:58:02"	2490	21482	4.3938
478	1	"4:23:04"	1274	15784	5.97995
479	1	"3:57:25"	750	14245	6.62601
480	1	"5:07:07"	2093	18427	5.12224
481	1	"3:51:40"	604	13900	6.79047
482	1	"5:02:07"	2013	18127	5.20701
483	1	"5:27:28"	2304	19648	4.80392
484	1	"4:45:32"	1757	17132	5.50943
485	1	"5:05:58"	2072	18358	5.14149
486	1	"4:34:21"	1505	16461	5.73401
487	1	"5:20:36"	2248	19236	4.90682
488	1	"5:06:16"	2081	18376	5.13646
489	1	"4:34:28"	1510	16468	5.73157
490	1	"5:57:33"	2489	21453	4.39973
491	1	"5:29:59"	2330	19799	4.76729
492	1	"4:11:04"	1018	15064	6.26577
493	1	"4:47:49"	1800	17269	5.46572
494	1	"5:24:51"	2285	19491	4.84262
495	1	"4:37:20"	1583	16640	5.67233
496	1	"4:19:01"	1200	15541	6.07345
497	1	"3:37:51"	360	13071	7.22114
498	1	"4:22:10"	1257	15730	6.00048
499	1	"3:46:50"	507	13610	6.93516
500	1	"4:41:35"	1667	16895	5.58671
501	1	"5:15:27"	2180	18927	4.98692
502	1	"5:41:37"	2433	20497	4.60494
503	1	"4:16:50"	1150	15410	6.12508
504	1	"5:26:58"	2299	19618	4.81127
505	1	"4:18:53"	1196	15533	6.07658
506	1	"3:41:30"	410	13290	7.10214
507	1	"4:36:32"	1564	16592	5.68874
508	1	"4:21:10"	1243	15670	6.02345
509	1	"4:22:15"	1258	15735	5.99857
510	1	"5:16:23"	2193	18983	4.97221
511	1	"4:47:44"	1798	17264	5.4673
512	1	"4:24:15"	1303	15855	5.95317
513	1	"4:10:24"	1006	15024	6.28245
514	1	"4:31:01"	1448	16261	5.80453
515	1	"5:02:04"	2012	18124	5.20787
516	1	"5:40:14"	2424	20414	4.62367
517	1	"4:09:01"	975	14941	6.31735
518	1	"4:30:19"	1427	16219	5.81956
519	1	"4:42:49"	1693	16969	5.56235
520	1	"4:54:16"	1893	17656	5.34592
521	1	"5:14:19"	2172	18859	5.00491
522	1	"4:13:00"	1061	15180	6.21789
523	1	"5:10:33"	2134	18633	5.06561
524	1	"4:24:56"	1315	15896	5.93782
525	1	"4:58:53"	1966	17933	5.26334
526	1	"3:11:57"	78	11517	8.19549
527	1	"4:35:00"	1518	16500	5.72046
528	1	"5:40:13"	2422	20413	4.62389
529	1	"5:01:31"	2006	18091	5.21737
530	1	"4:32:49"	1478	16369	5.76624
531	1	"5:13:06"	2157	18786	5.02435
532	1	"4:39:55"	1628	16795	5.61998
533	1	"3:33:05"	288	12785	7.38268
534	1	"4:18:20"	1183	15500	6.08952
535	1	"4:14:31"	1103	15271	6.18083
536	1	"4:26:20"	1348	15980	5.9066
537	1	"3:33:48"	298	12828	7.35793
538	1	"3:03:22"	49	11002	8.57912
539	1	"4:41:02"	1650	16862	5.59765
540	1	"4:12:55"	1060	15175	6.21993
541	1	"4:17:24"	1164	15444	6.1116
542	1	"5:02:10"	2015	18130	5.20615
543	1	"3:36:15"	337	12975	7.27457
544	1	"4:11:21"	1022	15081	6.2587
545	1	"4:51:09"	1862	17469	5.40314
546	1	"4:58:39"	1963	17919	5.26745
547	1	"3:56:50"	735	14210	6.64233
548	1	"5:31:53"	2352	19913	4.73999
549	1	"5:28:51"	2320	19731	4.78372
550	1	"4:37:33"	1588	16653	5.6679
551	1	"4:36:08"	1550	16568	5.69698
552	1	"4:20:02"	1219	15602	6.04971
553	1	"3:47:50"	526	13670	6.90472
554	1	"5:16:03"	2187	18963	4.97746
555	1	"3:59:41"	797	14381	6.56335
556	1	"4:43:29"	1709	17009	5.54927
557	1	"3:54:37"	676	14077	6.70509
558	1	"4:49:53"	1835	17393	5.42675
559	1	"4:59:36"	1984	17976	5.25075
560	1	"5:00:35"	1996	18035	5.23357
561	1	"4:01:09"	825	14469	6.52343
562	1	"4:59:48"	1988	17988	5.24725
563	1	"5:38:18"	2400	20298	4.65009
564	1	"4:23:48"	1289	15828	5.96332
565	1	"4:07:53"	951	14873	6.34623
566	1	"5:42:33"	2443	20553	4.5924
567	1	"4:20:41"	1233	15641	6.03462
568	1	"5:15:58"	2186	18958	4.97877
569	1	"5:03:24"	2034	18204	5.18499
570	1	"4:30:37"	1437	16237	5.81311
571	1	"3:53:32"	652	14012	6.73619
572	1	"4:01:10"	826	14470	6.52298
573	1	"4:03:00"	861	14580	6.47377
574	1	"4:50:39"	1853	17439	5.41244
575	1	"4:33:37"	1492	16417	5.74938
576	1	"4:28:07"	1377	16087	5.86732
577	1	"4:34:20"	1504	16460	5.73436
578	1	"4:18:10"	1181	15490	6.09345
579	1	"5:16:58"	2204	19018	4.96306
580	1	"4:58:13"	1955	17893	5.27511
581	1	"5:20:06"	2241	19206	4.91448
582	1	"4:07:05"	932	14825	6.36678
583	1	"5:43:40"	2456	20620	4.57747
584	1	"5:09:08"	2118	18548	5.08882
585	1	"4:08:39"	965	14919	6.32666
586	1	"5:36:05"	2382	20165	4.68076
587	1	"4:15:32"	1119	15332	6.15624
588	1	"4:45:14"	1747	17114	5.51522
589	1	"4:46:12"	1770	17172	5.49659
590	1	"5:27:46"	2310	19666	4.79953
591	1	"4:35:59"	1544	16559	5.70007
592	1	"3:41:07"	405	13267	7.11446
593	1	"3:58:59"	782	14339	6.58257
594	1	"3:37:28"	353	13048	7.23387
595	1	"4:25:13"	1323	15913	5.93147
596	1	"4:06:17"	915	14777	6.38746
597	1	"4:20:08"	1223	15608	6.04738
598	1	"5:41:15"	2430	20475	4.60989
599	1	"4:22:46"	1269	15766	5.98678
600	1	"4:52:20"	1878	17540	5.38127
601	1	"5:39:18"	2410	20358	4.63638
602	1	"4:40:01"	1630	16801	5.61797
603	1	"3:35:46"	325	12946	7.29086
604	1	"3:56:54"	738	14214	6.64046
605	1	"3:54:18"	668	14058	6.71415
606	1	"4:16:35"	1145	15395	6.13105
607	1	"5:33:07"	2361	19987	4.72245
608	1	"5:11:44"	2149	18704	5.04638
609	1	"5:03:58"	2042	18238	5.17532
610	1	"4:50:20"	1847	17420	5.41834
611	1	"4:45:03"	1741	17103	5.51877
612	1	"4:41:22"	1658	16882	5.59101
613	1	"3:23:42"	164	12222	7.72275
614	1	"5:37:32"	2395	20252	4.66065
615	1	"4:40:27"	1637	16827	5.60929
616	1	"3:29:31"	242	12571	7.50835
617	1	"4:29:50"	1421	16190	5.82999
618	1	"4:16:05"	1135	15365	6.14302
619	1	"4:45:43"	1761	17143	5.50589
620	1	"5:02:39"	2022	18159	5.19784
621	1	"5:17:59"	2217	19079	4.94719
622	1	"4:50:12"	1845	17412	5.42083
623	1	"4:20:48"	1237	15648	6.03192
624	1	"3:34:23"	307	12863	7.33791
625	1	"4:04:31"	887	14671	6.43361
626	1	"3:23:45"	166	12225	7.72086
627	1	"4:36:29"	1561	16589	5.68976
628	1	"4:13:49"	1089	15229	6.19788
629	1	"5:05:52"	2070	18352	5.14317
630	1	"3:26:37"	198	12397	7.61374
631	1	"4:59:18"	1976	17958	5.25601
632	1	"4:47:26"	1791	17246	5.47301
633	1	"3:39:01"	378	13141	7.18267
634	1	"4:24:27"	1306	15867	5.94867
635	1	"5:42:59"	2448	20579	4.58659
636	1	"5:43:35"	2454	20615	4.57858
637	1	"3:37:37"	354	13057	7.22888
638	1	"4:36:52"	1573	16612	5.68189
639	1	"3:56:43"	729	14203	6.6456
640	1	"3:52:13"	620	13933	6.77439
641	1	"4:29:47"	1416	16187	5.83107
642	1	"4:37:54"	1596	16674	5.66076
643	1	"4:35:31"	1530	16531	5.70973
644	1	"4:01:37"	836	14497	6.51083
645	1	"3:54:20"	669	14060	6.71319
646	1	"3:12:56"	86	11576	8.15372
647	1	"4:57:45"	1948	17865	5.28338
648	1	"5:09:29"	2120	18569	5.08307
649	1	"4:51:43"	1868	17503	5.39265
650	1	"3:59:41"	799	14381	6.56335
651	1	"3:33:23"	292	12803	7.3723
652	1	"4:13:32"	1078	15212	6.20481
653	1	"4:44:47"	1734	17087	5.52394
654	1	"5:37:31"	2394	20251	4.66088
655	1	"3:55:30"	701	14130	6.67994
656	1	"5:06:54"	2088	18414	5.12586
657	1	"4:39:11"	1618	16751	5.63474
658	1	"3:42:52"	435	13372	7.05859
659	1	"3:49:26"	558	13766	6.85657
660	1	"4:04:42"	892	14682	6.42879
661	1	"4:49:05"	1825	17345	5.44177
662	1	"4:02:43"	856	14563	6.48132
663	1	"4:36:01"	1546	16561	5.69938
664	1	"5:03:44"	2040	18224	5.1793
665	1	"3:38:26"	367	13106	7.20185
666	1	"4:16:07"	1136	15367	6.14222
667	1	"4:56:16"	1933	17776	5.30983
668	1	"3:36:45"	346	13005	7.25779
669	1	"3:43:17"	438	13397	7.04542
670	1	"4:55:13"	1912	17713	5.32871
671	1	"4:07:32"	943	14852	6.35521
672	1	"4:51:45"	1869	17505	5.39203
673	1	"4:19:46"	1214	15586	6.05592
674	1	"4:18:09"	1179	15489	6.09384
675	1	"3:02:05"	42	10925	8.63959
676	1	"4:10:29"	1008	15029	6.28036
677	1	"5:11:48"	2150	18708	5.0453
678	1	"3:26:46"	199	12406	7.60821
679	1	"5:36:27"	2387	20187	4.67566
680	1	"5:07:24"	2096	18444	5.11752
681	1	"4:19:10"	1202	15550	6.06994
682	1	"5:31:12"	2344	19872	4.74977
683	1	"3:46:28"	498	13588	6.94639
684	1	"4:03:45"	874	14625	6.45385
685	1	"4:50:12"	1846	17412	5.42083
686	1	"3:52:19"	623	13939	6.77147
687	1	"3:43:51"	449	13431	7.02759
688	1	"4:33:35"	1490	16415	5.75008
689	1	"4:20:04"	1221	15604	6.04893
690	1	"5:03:12"	2030	18192	5.18841
691	1	"4:57:04"	1943	17824	5.29553
692	1	"5:45:13"	2465	20713	4.55692
693	1	"5:08:35"	2109	18515	5.09789
694	1	"3:54:58"	691	14098	6.6951
695	1	"5:35:48"	2381	20148	4.68471
696	1	"3:52:16"	622	13936	6.77293
697	1	"4:31:20"	1454	16280	5.79776
698	1	"5:02:52"	2027	18172	5.19412
699	1	"4:41:58"	1679	16918	5.57912
700	1	"5:12:47"	2155	18767	5.02944
701	1	"4:53:27"	1890	17607	5.36079
702	1	"3:28:16"	219	12496	7.55342
703	1	"3:48:19"	536	13699	6.8901
704	1	"3:46:09"	492	13569	6.95611
705	1	"5:13:52"	2166	18832	5.01208
706	1	"4:41:34"	1666	16894	5.58704
707	1	"5:03:22"	2032	18202	5.18556
708	1	"3:53:55"	661	14035	6.72515
709	1	"3:47:22"	522	13642	6.91889
710	1	"4:16:59"	1151	15419	6.12151
711	1	"3:36:38"	345	12998	7.26169
712	1	"4:31:51"	1461	16311	5.78674
713	1	"5:16:20"	2191	18980	4.973
714	1	"4:56:25"	1935	17785	5.30714
715	1	"4:13:24"	1075	15204	6.20807
716	1	"3:43:42"	446	13422	7.0323
717	1	"5:02:10"	2014	18130	5.20615
718	1	"4:21:44"	1251	15704	6.01041
719	1	"4:29:50"	1419	16190	5.82999
720	1	"4:45:57"	1764	17157	5.5014
721	1	"4:19:58"	1217	15598	6.05126
722	1	"5:11:21"	2143	18681	5.05259
723	1	"2:55:31"	20	10531	8.96282
724	1	"3:43:27"	441	13407	7.04017
725	1	"4:30:31"	1434	16231	5.81526
726	1	"4:18:29"	1188	15509	6.08598
727	1	"3:43:03"	437	13383	7.05279
728	1	"4:16:02"	1134	15362	6.14422
729	1	"3:56:58"	739	14218	6.63859
730	1	"5:34:30"	2370	20070	4.70292
731	1	"4:52:55"	1888	17575	5.37056
732	1	"4:36:54"	1574	16614	5.6812
733	1	"4:34:18"	1503	16458	5.73505
734	1	"3:36:30"	342	12990	7.26617
735	1	"4:20:12"	1227	15612	6.04583
736	1	"5:15:09"	2178	18909	4.99167
737	1	"6:06:21"	2496	21981	4.29405
738	1	"4:17:42"	1172	15462	6.10448
739	1	"4:52:09"	1873	17529	5.38465
740	1	"4:12:14"	1049	15134	6.23679
741	1	"4:49:55"	1836	17395	5.42613
742	1	"4:50:40"	1854	17440	5.41213
743	1	"5:33:53"	2366	20033	4.7116
744	1	"5:10:24"	2133	18624	5.06806
745	1	"3:33:54"	301	12834	7.35449
746	1	"3:58:49"	778	14329	6.58717
747	1	"4:20:31"	1230	15631	6.03848
748	1	"3:42:23"	429	13343	7.07393
749	1	"3:57:07"	742	14227	6.63439
750	1	"4:38:19"	1602	16699	5.65229
751	1	"5:02:21"	2019	18141	5.20299
752	1	"5:10:54"	2138	18654	5.05991
753	1	"4:31:36"	1458	16296	5.79207
754	1	"4:39:40"	1624	16780	5.625
755	1	"3:50:37"	582	13837	6.82139
756	1	"4:57:25"	1945	17845	5.2893
757	1	"4:36:36"	1567	16596	5.68736
758	1	"5:05:37"	2065	18337	5.14738
759	1	"5:41:39"	2435	20499	4.60449
760	1	"3:24:02"	171	12242	7.71014
761	1	"5:02:41"	2023	18161	5.19726
762	1	"3:48:53"	546	13733	6.87304
763	1	"4:26:14"	1340	15974	5.90882
764	1	"3:07:53"	63	11273	8.37288
765	1	"4:12:35"	1056	15155	6.22814
766	1	"4:52:45"	1883	17565	5.37361
767	1	"4:17:25"	1165	15445	6.1112
768	1	"4:48:33"	1813	17313	5.45183
769	1	"5:31:25"	2346	19885	4.74667
770	1	"5:43:35"	2453	20615	4.57858
771	1	"4:25:10"	1322	15910	5.93259
772	1	"5:34:44"	2375	20084	4.69964
773	1	"4:51:27"	1866	17487	5.39758
774	1	"3:46:38"	501	13598	6.94128
775	1	"5:22:15"	2258	19335	4.88169
776	1	"4:47:10"	1785	17230	5.47809
777	1	"5:44:30"	2460	20670	4.5664
778	1	"4:10:07"	997	15007	6.28957
779	1	"4:29:17"	1407	16157	5.8419
780	1	"4:46:50"	1781	17210	5.48446
781	1	"4:56:01"	1926	17761	5.31431
782	1	"4:44:36"	1732	17076	5.5275
783	1	"5:17:09"	2208	19029	4.96019
784	1	"3:55:50"	706	14150	6.6705
785	1	"5:07:39"	2100	18459	5.11336
786	1	"4:06:47"	924	14807	6.37452
787	1	"4:11:20"	1021	15080	6.25912
788	1	"3:50:08"	570	13808	6.83571
789	1	"4:46:14"	1771	17174	5.49595
790	1	"3:28:19"	222	12499	7.5516
791	1	"4:15:34"	1120	15334	6.15544
792	1	"3:28:54"	231	12534	7.53052
793	1	"3:56:02"	708	14162	6.66484
794	1	"4:50:08"	1844	17408	5.42208
795	1	"4:35:55"	1538	16555	5.70145
796	1	"4:24:47"	1311	15887	5.94118
797	1	"3:21:43"	148	12103	7.79869
798	1	"4:22:43"	1267	15763	5.98792
799	1	"4:10:05"	994	15005	6.2904
800	1	"4:14:56"	1109	15296	6.17073
801	1	"4:00:26"	811	14426	6.54287
802	1	"5:28:13"	2313	19693	4.79295
803	1	"4:59:35"	1983	17975	5.25104
804	1	"4:40:05"	1633	16805	5.61663
805	1	"4:04:00"	878	14640	6.44723
806	1	"4:58:10"	1954	17890	5.27599
807	1	"4:58:42"	1964	17922	5.26657
808	1	"4:29:06"	1401	16146	5.84588
809	1	"5:14:01"	2168	18841	5.00969
810	1	"3:59:55"	805	14395	6.55696
811	1	"4:08:44"	969	14924	6.32454
812	1	"4:45:03"	1740	17103	5.51877
813	1	"3:52:07"	615	13927	6.7773
814	1	"4:48:43"	1815	17323	5.44868
815	1	"5:04:19"	2050	18259	5.16937
816	1	"4:13:49"	1088	15229	6.19788
817	1	"5:42:18"	2440	20538	4.59575
818	1	"3:58:00"	760	14280	6.60977
819	1	"3:48:58"	550	13738	6.87054
820	1	"3:39:33"	383	13173	7.16522
821	1	"5:21:36"	2253	19296	4.89156
822	1	"3:33:55"	302	12835	7.35392
823	1	"4:48:19"	1810	17299	5.45624
824	1	"4:31:20"	1453	16280	5.79776
825	1	"5:34:16"	2368	20056	4.7062
826	1	"4:43:00"	1700	16980	5.55875
827	1	"5:02:21"	2020	18141	5.20299
828	1	"4:24:15"	1302	15855	5.95317
829	1	"4:25:37"	1329	15937	5.92254
830	1	"3:15:55"	106	11755	8.02956
831	1	"4:59:36"	1985	17976	5.25075
832	1	"4:17:19"	1162	15439	6.11358
833	1	"4:19:40"	1213	15580	6.05825
834	1	"4:12:44"	1058	15164	6.22445
835	1	"3:50:50"	587	13850	6.81498
836	1	"4:33:06"	1486	16386	5.76025
837	1	"4:08:58"	974	14938	6.31862
838	1	"4:33:54"	1494	16434	5.74343
839	1	"5:05:12"	2059	18312	5.15441
840	1	"5:06:48"	2086	18408	5.12753
841	1	"4:41:35"	1668	16895	5.58671
842	1	"4:06:16"	914	14776	6.38789
843	1	"4:36:16"	1554	16576	5.69423
844	1	"3:25:30"	180	12330	7.65511
845	1	"5:40:58"	2428	20458	4.61372
846	1	"3:57:11"	743	14231	6.63253
847	1	"3:44:27"	460	13467	7.0088
848	1	"4:27:49"	1371	16069	5.87389
849	1	"5:11:17"	2142	18677	5.05368
850	1	"5:26:58"	2298	19618	4.81127
851	1	"4:28:25"	1387	16105	5.86076
852	1	"2:55:53"	21	10553	8.94414
853	1	"3:53:07"	636	13987	6.74823
854	1	"4:10:22"	1004	15022	6.28329
855	1	"4:42:45"	1692	16965	5.56366
856	1	"3:48:05"	532	13685	6.89715
857	1	"3:51:35"	599	13895	6.79291
858	1	"4:38:19"	1601	16699	5.65229
859	1	"3:38:24"	366	13104	7.20295
860	1	"4:35:17"	1525	16517	5.71457
861	1	"4:23:11"	1278	15791	5.9773
862	1	"4:46:17"	1773	17177	5.49499
863	1	"4:20:25"	1229	15625	6.0408
864	1	"3:56:42"	728	14202	6.64607
865	1	"4:52:12"	1874	17532	5.38373
866	1	"4:23:27"	1281	15807	5.97125
867	1	"5:04:01"	2044	18241	5.17447
868	1	"3:12:49"	83	11569	8.15866
869	1	"4:16:28"	1142	15388	6.13384
870	1	"5:23:17"	2271	19397	4.86609
871	1	"5:37:52"	2397	20272	4.65605
872	1	"4:50:24"	1848	17424	5.4171
873	1	"4:21:44"	1250	15704	6.01041
874	1	"5:10:13"	2131	18613	5.07105
875	1	"5:10:58"	2139	18658	5.05882
876	1	"5:35:45"	2380	20145	4.68541
877	1	"4:48:08"	1805	17288	5.45971
878	1	"5:52:18"	2482	21138	4.4653
879	1	"4:43:48"	1720	17028	5.54308
880	1	"4:47:19"	1789	17239	5.47523
881	1	"4:23:46"	1287	15826	5.96408
882	1	"4:14:28"	1102	15268	6.18205
883	1	"4:34:05"	1499	16445	5.73959
884	1	"5:16:24"	2194	18984	4.97195
885	1	"3:49:05"	553	13745	6.86704
886	1	"3:43:59"	452	13439	7.0234
887	1	"4:19:38"	1211	15578	6.05903
888	1	"4:22:09"	1256	15729	6.00086
889	1	"4:46:09"	1769	17169	5.49755
890	1	"5:39:46"	2417	20386	4.63002
891	1	"3:45:56"	488	13556	6.96278
892	1	"4:30:32"	1435	16232	5.8149
893	1	"4:32:59"	1481	16379	5.76271
894	1	"5:01:12"	2002	18072	5.22286
895	1	"4:26:14"	1339	15974	5.90882
896	1	"5:19:11"	2230	19151	4.92859
897	1	"4:01:01"	822	14461	6.52704
898	1	"4:24:54"	1314	15894	5.93856
899	1	"3:59:23"	791	14363	6.57157
900	1	"3:44:49"	467	13489	6.99737
901	1	"4:24:09"	1300	15849	5.95542
902	1	"5:06:18"	2082	18378	5.1359
903	1	"3:57:28"	751	14248	6.62461
904	1	"4:06:36"	919	14796	6.37926
905	1	"4:43:58"	1724	17038	5.53982
906	1	"4:37:20"	1582	16640	5.67233
907	1	"4:00:26"	812	14426	6.54287
908	1	"4:20:12"	1226	15612	6.04583
909	1	"5:08:13"	2103	18493	5.10396
910	1	"4:47:53"	1801	17273	5.46445
911	1	"4:46:17"	1772	17177	5.49499
912	1	"5:08:52"	2115	18532	5.09322
913	1	"4:47:12"	1787	17232	5.47746
914	1	"4:03:25"	867	14605	6.46268
915	1	"4:17:02"	1152	15422	6.12032
916	1	"4:11:33"	1028	15093	6.25373
917	1	"4:13:31"	1077	15211	6.20521
918	1	"4:21:19"	1245	15679	6.02
919	1	"5:04:01"	2046	18241	5.17447
920	1	"4:28:31"	1394	16111	5.85858
921	1	"4:52:52"	1885	17572	5.37147
922	1	"5:51:29"	2480	21089	4.47568
923	1	"4:36:02"	1547	16562	5.69904
924	1	"4:28:25"	1389	16105	5.86076
925	1	"4:16:26"	1141	15386	6.13464
926	1	"5:15:08"	2177	18908	4.99194
927	1	"5:07:04"	2091	18424	5.12307
928	1	"5:06:10"	2078	18370	5.13813
929	1	"4:33:04"	1484	16384	5.76096
930	1	"4:10:03"	993	15003	6.29124
931	1	"4:22:43"	1266	15763	5.98792
932	1	"4:13:06"	1065	15186	6.21543
933	1	"5:05:43"	2067	18343	5.1457
934	1	"4:22:59"	1272	15779	5.98184
935	1	"4:35:32"	1531	16532	5.70938
936	1	"4:20:04"	1220	15604	6.04893
937	1	"3:14:44"	97	11684	8.07836
938	1	"5:18:38"	2226	19118	4.9371
939	1	"4:15:27"	1118	15327	6.15825
940	1	"4:45:10"	1744	17110	5.51651
941	1	"5:15:40"	2181	18940	4.9835
942	1	"5:06:16"	2080	18376	5.13646
943	1	"4:49:57"	1838	17397	5.4255
944	1	"5:38:30"	2403	20310	4.64734
945	1	"4:17:22"	1163	15442	6.11239
946	1	"4:33:59"	1496	16439	5.74168
947	1	"4:14:59"	1112	15299	6.16952
948	1	"3:43:35"	444	13415	7.03597
949	1	"3:58:01"	762	14281	6.60931
950	1	"4:44:25"	1730	17065	5.53106
951	1	"4:07:49"	948	14869	6.34794
952	1	"4:59:09"	1974	17949	5.25865
953	1	"4:28:25"	1388	16105	5.86076
954	1	"5:18:32"	2224	19112	4.93865
955	1	"4:36:36"	1566	16596	5.68736
956	1	"3:45:48"	481	13548	6.9669
957	1	"4:43:30"	1712	17010	5.54894
958	1	"3:24:11"	172	12251	7.70447
959	1	"4:25:06"	1318	15906	5.93408
960	1	"5:03:32"	2035	18212	5.18271
961	1	"5:06:09"	2077	18369	5.13841
962	1	"4:09:52"	991	14992	6.29586
963	1	"5:36:14"	2385	20174	4.67867
964	1	"4:20:33"	1231	15633	6.03771
965	1	"5:58:02"	2491	21482	4.3938
966	1	"4:45:57"	1763	17157	5.5014
967	1	"4:05:32"	899	14732	6.40697
968	1	"5:25:43"	2291	19543	4.82973
969	1	"3:56:15"	711	14175	6.65873
970	1	"5:02:22"	2021	18142	5.20271
971	1	"3:55:23"	699	14123	6.68325
972	1	"4:12:07"	1044	15127	6.23967
973	1	"4:13:43"	1085	15223	6.20032
974	1	"4:40:48"	1647	16848	5.6023
975	1	"5:08:30"	2106	18510	5.09927
976	1	"3:34:20"	304	12860	7.33962
977	1	"4:05:17"	896	14717	6.4135
978	1	"5:35:12"	2378	20112	4.69309
979	1	"3:27:47"	209	12467	7.57099
980	1	"4:13:55"	1090	15235	6.19544
981	1	"4:18:30"	1190	15510	6.08559
982	1	"5:10:44"	2136	18644	5.06262
983	1	"3:56:28"	719	14188	6.65263
984	1	"5:20:03"	2239	19203	4.91525
985	1	"4:36:15"	1553	16575	5.69457
986	1	"5:50:52"	2478	21052	4.48354
987	1	"4:38:43"	1608	16723	5.64417
988	1	"4:55:12"	1911	17712	5.32901
989	1	"5:07:20"	2095	18440	5.11863
990	1	"4:41:55"	1678	16915	5.58011
991	1	"5:24:49"	2283	19489	4.84312
992	1	"3:38:34"	369	13114	7.19746
993	1	"4:31:57"	1463	16317	5.78461
994	1	"4:48:46"	1818	17326	5.44774
995	1	"5:30:23"	2337	19823	4.76151
996	1	"5:08:51"	2114	18531	5.09349
997	1	"3:28:56"	232	12536	7.52932
998	1	"5:07:30"	2098	18450	5.11585
999	1	"5:31:39"	2349	19899	4.74333
1000	1	"3:30:46"	266	12646	7.46382
1001	1	"4:41:12"	1655	16872	5.59433
1002	1	"4:17:30"	1167	15450	6.10922
1003	1	"3:54:22"	670	14062	6.71224
1004	1	"3:40:02"	388	13202	7.14949
1005	1	"5:42:56"	2447	20576	4.58726
1006	1	"3:43:35"	443	13415	7.03597
1007	1	"4:35:19"	1526	16519	5.71388
1008	1	"5:03:36"	2036	18216	5.18157
1009	1	"3:54:36"	675	14076	6.70556
1010	1	"4:06:49"	926	14809	6.37366
1011	1	"4:06:46"	922	14806	6.37495
1012	1	"4:40:42"	1644	16842	5.60429
1013	1	"5:00:35"	1997	18035	5.23357
1014	1	"5:27:28"	2306	19648	4.80392
1015	1	"4:24:04"	1296	15844	5.9573
1016	1	"4:55:21"	1916	17721	5.32631
1017	1	"3:53:12"	641	13992	6.74582
1018	1	"4:23:43"	1284	15823	5.96521
1019	1	"4:28:25"	1386	16105	5.86076
1020	1	"5:07:01"	2090	18421	5.12391
1021	1	"5:48:38"	2471	20918	4.51226
1022	1	"4:00:55"	821	14455	6.52975
1023	1	"4:38:08"	1598	16688	5.65601
1024	1	"5:12:29"	2153	18749	5.03427
1025	1	"4:08:21"	958	14901	6.33431
1026	1	"4:38:51"	1611	16731	5.64147
1027	1	"4:44:56"	1737	17096	5.52103
1028	1	"4:56:05"	1928	17765	5.31312
1029	1	"4:16:19"	1139	15379	6.13743
1030	1	"4:38:01"	1597	16681	5.65838
1031	1	"4:11:19"	1020	15079	6.25953
1032	1	"4:08:40"	967	14920	6.32624
1033	1	"4:37:30"	1586	16650	5.66892
1034	1	"4:27:57"	1374	16077	5.87097
1035	1	"3:48:06"	533	13686	6.89665
1036	1	"5:43:56"	2457	20636	4.57392
1037	1	"4:29:08"	1405	16148	5.84515
1038	1	"5:49:24"	2473	20964	4.50236
1039	1	"5:21:22"	2251	19282	4.89511
1040	1	"3:59:36"	795	14376	6.56563
1041	1	"3:52:01"	613	13921	6.78022
1042	1	"5:35:04"	2377	20104	4.69496
1043	1	"4:40:26"	1636	16826	5.60962
1044	1	"4:51:02"	1860	17462	5.40531
1045	1	"4:30:20"	1428	16220	5.81921
1	2	"4:49:35"	1830	17375	5.43237
2	2	"4:37:22"	1584	16642	5.67164
3	2	"4:50:53"	1858	17453	5.4081
4	2	"4:55:05"	1908	17705	5.33112
5	2	"4:13:27"	1076	15207	6.20685
6	2	"4:25:05"	1317	15905	5.93446
7	2	"3:13:44"	92	11624	8.12005
8	2	"3:58:06"	764	14286	6.60699
9	2	"3:28:04"	215	12484	7.56068
10	2	"2:50:00"	13	10200	9.25368
11	2	"3:38:58"	376	13138	7.18431
12	2	"3:44:05"	455	13445	7.02027
13	2	"3:50:50"	586	13850	6.81498
14	2	"3:53:37"	654	14017	6.73379
15	2	"3:28:53"	230	12533	7.53112
16	2	"3:02:20"	45	10940	8.62774
17	2	"3:39:13"	379	13153	7.17612
18	2	"3:41:58"	420	13318	7.08721
19	2	"3:39:40"	384	13180	7.16142
20	2	"3:22:45"	158	12165	7.75894
21	2	"5:42:07"	2438	20527	4.59821
22	2	"4:42:53"	1694	16973	5.56104
23	2	"4:08:32"	963	14912	6.32963
24	2	"3:52:43"	632	13963	6.75983
25	2	"2:55:04"	19	10504	8.98586
26	2	"4:14:40"	1107	15280	6.17719
27	2	"4:57:59"	1952	17879	5.27924
28	2	"3:55:34"	703	14134	6.67805
29	2	"4:39:48"	1626	16788	5.62232
30	2	"4:06:42"	921	14802	6.37667
31	2	"5:30:06"	2333	19806	4.7656
32	2	"4:38:14"	1600	16694	5.65398
33	2	"4:54:45"	1901	17685	5.33715
34	2	"3:37:10"	349	13030	7.24386
35	2	"3:53:10"	638	13990	6.74678
36	2	"3:54:48"	686	14088	6.69985
37	2	"4:27:31"	1368	16051	5.88048
38	2	"3:36:13"	333	12973	7.27569
39	2	"3:10:53"	70	11453	8.24129
40	2	"5:19:23"	2231	19163	4.92551
41	2	"3:02:10"	44	10930	8.63564
42	2	"4:41:28"	1664	16888	5.58903
43	2	"4:01:55"	842	14515	6.50276
44	2	"4:58:37"	1962	17917	5.26804
45	2	"4:14:24"	1098	15264	6.18367
46	2	"4:24:30"	1309	15870	5.94754
47	2	"4:35:16"	1522	16516	5.71491
48	2	"3:47:14"	518	13634	6.92295
49	2	"3:12:45"	82	11565	8.16148
50	2	"4:15:42"	1123	15342	6.15223
51	2	"5:18:25"	2222	19105	4.94046
52	2	"4:29:50"	1420	16190	5.82999
53	2	"4:08:57"	972	14937	6.31904
54	2	"3:39:59"	387	13199	7.15111
55	2	"5:40:13"	2423	20413	4.62389
56	2	"4:32:04"	1466	16324	5.78213
57	2	"3:29:00"	233	12540	7.52691
58	2	"5:29:29"	2326	19769	4.77452
59	2	"3:45:44"	480	13544	6.96895
60	2	"3:38:48"	372	13128	7.18979
61	2	"3:47:20"	521	13640	6.91991
62	2	"4:12:02"	1043	15122	6.24173
63	2	"3:27:59"	211	12479	7.56371
64	2	"5:27:13"	2301	19633	4.80759
65	2	"3:40:30"	394	13230	7.13435
66	2	"3:49:05"	552	13745	6.86704
67	2	"3:50:27"	579	13827	6.82632
68	2	"4:06:10"	911	14770	6.39049
69	2	"3:49:32"	561	13772	6.85358
70	2	"4:42:10"	1683	16930	5.57516
71	2	"3:41:34"	412	13294	7.10001
72	2	"4:32:50"	1479	16370	5.76588
73	2	"3:46:52"	511	13612	6.93414
74	2	"4:38:50"	1609	16730	5.64181
75	2	"3:57:06"	741	14226	6.63486
76	2	"4:21:14"	1244	15674	6.02192
77	2	"3:25:43"	182	12343	7.64705
78	2	"3:41:01"	402	13261	7.11768
79	2	"5:30:01"	2331	19801	4.76681
80	2	"4:14:12"	1094	15252	6.18853
81	2	"3:35:44"	324	12944	7.29199
82	2	"3:50:13"	573	13813	6.83324
83	2	"3:16:38"	111	11798	8.0003
84	2	"4:15:54"	1131	15354	6.14742
85	2	"5:08:37"	2110	18517	5.09734
86	2	"3:47:09"	515	13629	6.92549
87	2	"4:55:08"	1909	17708	5.33022
88	2	"3:48:59"	551	13739	6.87004
89	2	"3:21:57"	150	12117	7.78968
90	2	"4:29:22"	1410	16162	5.84009
91	2	"4:22:28"	1261	15748	5.99362
92	2	"5:14:50"	2175	18890	4.99669
93	2	"4:21:34"	1248	15694	6.01424
94	2	"4:49:37"	1832	17377	5.43175
95	2	"4:42:27"	1688	16947	5.56957
96	2	"3:45:27"	477	13527	6.97771
97	2	"4:30:45"	1441	16245	5.81025
98	2	"4:57:56"	1951	17876	5.28012
99	2	"3:39:47"	385	13187	7.15762
100	2	"4:03:00"	860	14580	6.47377
101	2	"4:01:56"	843	14516	6.50231
102	2	"3:39:14"	380	13154	7.17557
103	2	"4:11:30"	1025	15090	6.25497
104	2	"3:05:37"	58	11137	8.47513
105	2	"3:57:18"	747	14238	6.62927
106	2	"2:51:52"	15	10312	9.15317
107	2	"4:43:44"	1717	17024	5.54438
108	2	"3:19:30"	129	11970	7.88534
109	2	"4:28:18"	1385	16098	5.86331
110	2	"4:00:35"	815	14435	6.5388
111	2	"3:41:55"	419	13315	7.08881
112	2	"3:00:42"	38	10842	8.70573
113	2	"4:10:21"	1003	15021	6.2837
114	2	"3:44:48"	466	13488	6.99789
115	2	"4:07:09"	936	14829	6.36506
116	2	"3:53:27"	650	14007	6.7386
117	2	"4:37:10"	1580	16630	5.67574
118	2	"5:15:58"	2185	18958	4.97877
119	2	"4:15:50"	1130	15350	6.14902
120	2	"4:03:26"	868	14606	6.46224
121	2	"3:33:19"	289	12799	7.3746
122	2	"3:39:16"	381	13156	7.17448
123	2	"4:37:32"	1587	16652	5.66824
124	2	"3:06:39"	60	11199	8.42821
125	2	"3:03:57"	51	11037	8.55192
126	2	"3:38:09"	364	13089	7.21121
127	2	"4:52:36"	1881	17556	5.37637
128	2	"5:11:22"	2144	18682	5.05232
129	2	"3:12:04"	80	11524	8.19052
130	2	"4:50:29"	1850	17429	5.41554
131	2	"4:29:55"	1422	16195	5.82819
132	2	"4:35:55"	1539	16555	5.70145
133	2	"4:06:18"	916	14778	6.38703
134	2	"5:41:36"	2431	20496	4.60517
135	2	"3:37:38"	355	13058	7.22833
136	2	"3:58:55"	780	14335	6.58441
137	2	"4:59:54"	1990	17994	5.2455
138	2	"4:05:30"	898	14730	6.40784
139	2	"4:17:13"	1157	15433	6.11595
140	2	"4:28:18"	1383	16098	5.86331
141	2	"3:51:49"	607	13909	6.78607
142	2	"4:18:24"	1187	15504	6.08795
143	2	"3:20:29"	140	12029	7.84666
144	2	"3:52:00"	612	13920	6.78071
145	2	"4:41:49"	1673	16909	5.58209
146	2	"3:39:18"	382	13158	7.17339
147	2	"2:58:17"	29	10697	8.82374
148	2	"3:59:11"	785	14351	6.57707
149	2	"3:53:14"	642	13994	6.74486
150	2	"3:30:33"	263	12633	7.4715
151	2	"2:58:53"	31	10733	8.79414
152	2	"3:46:26"	496	13586	6.94741
153	2	"5:04:41"	2055	18281	5.16315
154	2	"3:11:36"	74	11496	8.21047
155	2	"3:13:44"	91	11624	8.12005
156	2	"4:40:30"	1640	16830	5.60829
157	2	"4:17:14"	1160	15434	6.11556
158	2	"2:49:20"	12	10160	9.29011
159	2	"4:14:35"	1105	15275	6.17921
160	2	"4:44:48"	1735	17088	5.52361
161	2	"3:36:15"	336	12975	7.27457
162	2	"3:48:15"	535	13695	6.89211
163	2	"4:14:02"	1092	15242	6.19259
164	2	"3:59:11"	787	14351	6.57707
165	2	"3:42:01"	422	13321	7.08562
166	2	"4:30:45"	1440	16245	5.81025
167	2	"4:01:23"	830	14483	6.51712
168	2	"5:33:28"	2362	20008	4.71749
169	2	"3:43:30"	442	13410	7.03859
170	2	"4:14:27"	1101	15267	6.18245
171	2	"3:57:16"	745	14236	6.6302
172	2	"3:13:32"	88	11612	8.12845
173	2	"3:51:35"	601	13895	6.79291
174	2	"5:59:12"	2493	21552	4.37952
175	2	"4:47:31"	1793	17251	5.47142
176	2	"3:34:32"	310	12872	7.33278
177	2	"5:10:10"	2129	18610	5.07187
178	2	"3:11:57"	79	11517	8.19549
179	2	"4:11:51"	1037	15111	6.24628
180	2	"4:05:44"	905	14744	6.40176
181	2	"3:29:24"	241	12564	7.51254
182	2	"5:34:35"	2372	20075	4.70174
183	2	"3:48:40"	542	13720	6.87956
184	2	"3:30:14"	259	12614	7.48276
185	2	"4:49:15"	1827	17355	5.43863
186	2	"3:30:50"	267	12650	7.46146
187	2	"4:05:41"	904	14741	6.40306
188	2	"3:03:57"	52	11037	8.55192
189	2	"4:08:12"	956	14892	6.33814
190	2	"4:58:35"	1961	17915	5.26863
191	2	"4:30:40"	1439	16240	5.81204
192	2	"3:35:49"	326	12949	7.28917
193	2	"5:31:55"	2353	19915	4.73952
194	2	"5:34:33"	2371	20073	4.70221
195	2	"5:38:58"	2406	20338	4.64094
196	2	"2:52:47"	17	10367	9.10461
197	2	"5:40:15"	2425	20415	4.62344
198	2	"5:39:01"	2407	20341	4.64026
199	2	"4:35:38"	1533	16538	5.70731
200	2	"5:50:32"	2477	21032	4.4878
201	2	"3:56:27"	717	14187	6.6531
202	2	"4:25:23"	1326	15923	5.92775
203	2	"4:13:06"	1066	15186	6.21543
204	2	"5:17:59"	2216	19079	4.94719
205	2	"5:10:42"	2135	18642	5.06316
206	2	"5:02:17"	2018	18137	5.20414
207	2	"5:54:40"	2484	21280	4.4355
208	2	"4:09:34"	985	14974	6.30343
209	2	"4:22:36"	1262	15756	5.99058
210	2	"4:18:47"	1193	15527	6.07893
211	2	"4:39:25"	1621	16765	5.63003
212	2	"4:15:20"	1117	15320	6.16106
213	2	"4:20:51"	1238	15651	6.03077
214	2	"4:47:04"	1784	17224	5.48
215	2	"2:44:30"	7	9870	9.56307
216	2	"4:34:23"	1507	16463	5.73331
217	2	"3:28:07"	217	12487	7.55886
218	2	"3:55:31"	702	14131	6.67946
219	2	"5:18:45"	2227	19125	4.93529
220	2	"4:23:09"	1277	15789	5.97805
221	2	"3:36:28"	341	12988	7.26729
222	2	"3:51:15"	592	13875	6.8027
223	2	"6:06:52"	2497	22012	4.288
224	2	"5:38:05"	2398	20285	4.65307
225	2	"5:03:13"	2031	18193	5.18812
226	2	"5:39:26"	2412	20366	4.63456
227	2	"4:12:32"	1055	15152	6.22938
228	2	"4:17:43"	1173	15463	6.10409
229	2	"4:27:17"	1359	16037	5.88561
230	2	"5:17:59"	2219	19079	4.94719
231	2	"5:31:31"	2348	19891	4.74524
232	2	"4:46:57"	1783	17217	5.48223
233	2	"3:52:42"	631	13962	6.76031
234	2	"4:34:32"	1511	16472	5.73018
235	2	"3:38:53"	374	13133	7.18705
236	2	"2:47:52"	10	10072	9.37128
237	2	"4:36:41"	1569	16601	5.68565
238	2	"3:43:18"	439	13398	7.0449
239	2	"3:27:49"	210	12469	7.56977
240	2	"3:07:17"	62	11237	8.39971
241	2	"3:54:26"	672	14066	6.71033
242	2	"3:46:10"	493	13570	6.9556
243	2	"4:41:51"	1676	16911	5.58143
244	2	"3:33:20"	290	12800	7.37402
245	2	"4:18:23"	1185	15503	6.08834
246	2	"3:53:40"	656	14020	6.73235
247	2	"4:11:23"	1023	15083	6.25787
248	2	"5:17:52"	2214	19072	4.94901
249	2	"3:30:10"	257	12610	7.48513
250	2	"5:31:25"	2347	19885	4.74667
251	2	"5:28:37"	2317	19717	4.78711
252	2	"4:19:53"	1215	15593	6.0532
253	2	"3:41:25"	409	13285	7.10482
254	2	"4:59:34"	1982	17974	5.25134
255	2	"3:22:26"	152	12146	7.77108
256	2	"3:25:02"	178	12302	7.67253
257	2	"3:14:00"	93	11640	8.10889
258	2	"4:42:55"	1696	16975	5.56038
259	2	"5:42:59"	2449	20579	4.58659
260	2	"4:42:07"	1682	16927	5.57615
261	2	"3:23:42"	165	12222	7.72275
262	2	"4:07:50"	949	14870	6.34751
263	2	"3:26:22"	194	12382	7.62296
264	2	"3:30:40"	264	12640	7.46737
265	2	"4:30:55"	1445	16255	5.80668
266	2	"4:35:57"	1541	16557	5.70076
267	2	"5:17:23"	2210	19043	4.95655
268	2	"3:43:21"	440	13401	7.04332
269	2	"4:34:48"	1517	16488	5.72462
270	2	"4:46:38"	1780	17198	5.48828
271	2	"5:13:50"	2165	18830	5.01261
272	2	"4:10:09"	998	15009	6.28873
273	2	"4:09:46"	990	14986	6.29838
274	2	"3:48:26"	538	13706	6.88658
275	2	"4:03:28"	871	14608	6.46136
276	2	"3:47:53"	528	13673	6.9032
277	2	"4:15:48"	1129	15348	6.14982
278	2	"3:37:57"	363	13077	7.21783
279	2	"3:34:23"	306	12863	7.33791
280	2	"3:51:52"	609	13912	6.78461
281	2	"5:15:53"	2183	18953	4.98008
282	2	"5:06:51"	2087	18411	5.12669
283	2	"4:41:28"	1663	16888	5.58903
284	2	"4:48:12"	1809	17292	5.45845
285	2	"4:28:38"	1395	16118	5.85603
286	2	"4:04:21"	885	14661	6.438
287	2	"4:21:45"	1252	15705	6.01003
288	2	"5:01:04"	2001	18064	5.22517
289	2	"3:26:27"	196	12387	7.61988
290	2	"4:10:23"	1005	15023	6.28287
291	2	"4:11:53"	1038	15113	6.24545
292	2	"3:50:50"	588	13850	6.81498
293	2	"4:17:31"	1168	15451	6.10883
294	2	"4:54:29"	1897	17669	5.34198
295	2	"3:31:04"	271	12664	7.45321
296	2	"4:01:37"	835	14497	6.51083
297	2	"4:10:29"	1009	15029	6.28036
298	2	"3:28:04"	214	12484	7.56068
299	2	"3:44:23"	458	13463	7.01088
300	2	"3:33:57"	303	12837	7.35277
301	2	"4:36:54"	1575	16614	5.6812
302	2	"3:45:48"	483	13548	6.9669
303	2	"4:30:26"	1430	16226	5.81705
304	2	"4:13:02"	1063	15182	6.21707
305	2	"3:30:25"	261	12625	7.47624
306	2	"3:49:39"	563	13779	6.8501
307	2	"4:37:52"	1595	16672	5.66144
308	2	"3:41:03"	403	13263	7.1166
309	2	"3:45:23"	476	13523	6.97978
310	2	"5:39:06"	2408	20346	4.63912
311	2	"3:34:55"	314	12895	7.3197
312	2	"4:27:21"	1363	16041	5.88414
313	2	"3:01:09"	40	10869	8.6841
314	2	"4:43:48"	1721	17028	5.54308
315	2	"4:10:40"	1014	15040	6.27577
316	2	"3:22:52"	159	12172	7.75448
317	2	"3:26:21"	193	12381	7.62358
318	2	"4:16:39"	1149	15399	6.12946
319	2	"4:11:55"	1039	15115	6.24463
320	2	"4:15:44"	1125	15344	6.15143
321	2	"3:28:34"	225	12514	7.54255
322	2	"2:54:59"	18	10499	8.99014
323	2	"4:29:49"	1417	16189	5.83035
324	2	"4:38:57"	1614	16737	5.63945
325	2	"4:30:36"	1436	16236	5.81347
326	2	"4:08:07"	953	14887	6.34026
327	2	"5:00:41"	1999	18041	5.23183
328	2	"5:40:45"	2427	20445	4.61665
329	2	"4:32:26"	1475	16346	5.77435
330	2	"4:47:39"	1796	17259	5.46889
331	2	"4:35:14"	1521	16514	5.71561
332	2	"3:11:14"	73	11474	8.22621
333	2	"4:24:28"	1307	15868	5.94829
334	2	"4:45:10"	1745	17110	5.51651
335	2	"2:38:05"	4	9485	9.95124
336	2	"3:34:24"	308	12864	7.33734
337	2	"4:32:01"	1465	16321	5.78319
338	2	"3:42:28"	430	13348	7.07128
339	2	"4:01:57"	845	14517	6.50186
340	2	"3:56:42"	727	14202	6.64607
341	2	"4:13:22"	1074	15202	6.20889
342	2	"3:54:17"	667	14057	6.71463
343	2	"4:12:13"	1047	15133	6.2372
344	2	"4:36:17"	1556	16577	5.69388
345	2	"5:07:07"	2092	18427	5.12224
346	2	"5:56:06"	2488	21366	4.41765
347	2	"4:00:49"	819	14449	6.53246
348	2	"4:29:43"	1415	16183	5.83251
349	2	"4:51:23"	1865	17483	5.39882
350	2	"3:53:14"	643	13994	6.74486
351	2	"4:12:14"	1048	15134	6.23679
352	2	"3:45:40"	479	13540	6.97101
353	2	"4:33:36"	1491	16416	5.74973
354	2	"3:25:59"	186	12359	7.63715
355	2	"4:08:45"	971	14925	6.32412
356	2	"4:12:14"	1050	15134	6.23679
357	2	"4:52:07"	1872	17527	5.38526
358	2	"5:43:17"	2451	20597	4.58259
359	2	"5:13:36"	2162	18816	5.01634
360	2	"4:28:45"	1398	16125	5.85349
361	2	"5:25:22"	2288	19522	4.83493
362	2	"3:28:24"	223	12504	7.54858
363	2	"3:32:04"	277	12724	7.41807
364	2	"3:16:10"	110	11770	8.01933
365	2	"4:54:37"	1899	17677	5.33957
366	2	"4:25:57"	1336	15957	5.91512
367	2	"3:30:04"	254	12604	7.48869
368	2	"3:35:35"	320	12935	7.29706
369	2	"3:33:00"	287	12780	7.38556
370	2	"4:11:39"	1030	15099	6.25124
371	2	"4:36:58"	1577	16618	5.67984
372	2	"3:19:55"	134	11995	7.8689
373	2	"3:56:36"	724	14196	6.64888
374	2	"4:29:35"	1411	16175	5.83539
375	2	"3:59:12"	788	14352	6.57661
376	2	"3:41:48"	415	13308	7.09254
377	2	"5:13:58"	2167	18838	5.01048
378	2	"5:19:42"	2237	19182	4.92063
379	2	"4:36:21"	1558	16581	5.69251
380	2	"4:58:31"	1960	17911	5.26981
381	2	"4:55:47"	1922	17747	5.31851
382	2	"4:51:05"	1861	17465	5.40438
383	2	"4:25:10"	1321	15910	5.93259
384	2	"5:45:53"	2467	20753	4.54814
385	2	"5:08:13"	2104	18493	5.10396
386	2	"4:30:30"	1433	16230	5.81562
387	2	"4:54:28"	1896	17668	5.34229
388	2	"4:31:00"	1447	16260	5.80489
389	2	"3:46:02"	490	13562	6.9597
390	2	"4:23:42"	1283	15822	5.96559
391	2	"5:36:57"	2389	20217	4.66872
392	2	"4:17:09"	1154	15429	6.11754
393	2	"4:51:40"	1867	17500	5.39357
394	2	"3:55:35"	704	14135	6.67757
395	2	"4:33:00"	1482	16380	5.76236
396	2	"4:28:25"	1391	16105	5.86076
397	2	"3:42:38"	433	13358	7.06599
398	2	"3:53:15"	644	13995	6.74437
399	2	"4:09:43"	989	14983	6.29964
400	2	"4:17:40"	1171	15460	6.10527
401	2	"4:10:28"	1007	15028	6.28078
402	2	"4:21:33"	1247	15693	6.01462
403	2	"2:57:31"	27	10651	8.86184
404	2	"3:18:31"	118	11911	7.9244
405	2	"4:36:09"	1552	16569	5.69663
406	2	"3:26:15"	190	12375	7.62727
407	2	"3:59:23"	792	14363	6.57157
408	2	"5:08:50"	2113	18530	5.09377
409	2	"3:54:45"	684	14085	6.70128
410	2	"4:10:09"	999	15009	6.28873
411	2	"5:28:48"	2319	19728	4.78444
412	2	"3:59:54"	804	14394	6.55742
413	2	"3:20:40"	142	12040	7.83949
414	2	"3:28:17"	221	12497	7.55281
415	2	"4:17:48"	1175	15468	6.10211
416	2	"5:45:01"	2464	20701	4.55956
417	2	"3:32:16"	280	12736	7.41108
418	2	"4:04:15"	883	14655	6.44064
419	2	"3:27:04"	203	12424	7.59719
420	2	"4:56:56"	1941	17816	5.29791
421	2	"5:09:16"	2119	18556	5.08663
422	2	"2:56:03"	22	10563	8.93567
423	2	"4:13:41"	1083	15221	6.20114
424	2	"5:23:05"	2267	19385	4.8691
425	2	"4:08:39"	966	14919	6.32666
426	2	"5:43:01"	2450	20581	4.58615
427	2	"4:55:39"	1920	17739	5.3209
428	2	"5:20:52"	2249	19252	4.90274
429	2	"4:43:12"	1704	16992	5.55482
430	2	"4:00:22"	809	14422	6.54469
431	2	"4:18:04"	1178	15484	6.09581
432	2	"4:39:02"	1616	16742	5.63777
433	2	"3:21:56"	149	12116	7.79032
434	2	"4:32:01"	1464	16321	5.78319
435	2	"3:44:04"	453	13444	7.02079
436	2	"4:08:11"	955	14891	6.33856
437	2	"5:31:21"	2345	19881	4.74762
438	2	"4:09:35"	986	14975	6.30301
439	2	"4:04:02"	879	14642	6.44635
440	2	"3:35:05"	316	12905	7.31403
441	2	"4:50:53"	1856	17453	5.4081
442	2	"3:51:28"	596	13888	6.79634
443	2	"3:24:59"	176	12299	7.6744
444	2	"4:46:02"	1765	17162	5.4998
445	2	"4:26:36"	1352	15996	5.90069
446	2	"3:47:54"	530	13674	6.9027
447	2	"3:10:12"	67	11412	8.2709
448	2	"5:25:55"	2294	19555	4.82677
449	2	"5:02:44"	2024	18164	5.19641
450	2	"4:31:37"	1459	16297	5.79171
451	2	"4:24:04"	1297	15844	5.9573
452	2	"4:49:56"	1837	17396	5.42582
453	2	"4:19:59"	1218	15599	6.05087
454	2	"5:32:06"	2356	19926	4.7369
455	2	"5:52:08"	2481	21128	4.46741
456	2	"3:26:18"	191	12378	7.62542
457	2	"4:43:07"	1701	16987	5.55646
458	2	"2:39:43"	5	9583	9.84947
459	2	"4:40:55"	1648	16855	5.59997
460	2	"3:37:43"	358	13063	7.22556
461	2	"4:20:45"	1236	15645	6.03308
462	2	"3:56:38"	725	14198	6.64794
463	2	"3:56:20"	715	14180	6.65638
464	2	"4:41:40"	1670	16900	5.58506
465	2	"3:43:39"	445	13419	7.03387
466	2	"3:27:00"	202	12420	7.59964
467	2	"3:56:29"	721	14189	6.65216
468	2	"3:37:52"	361	13072	7.22059
469	2	"4:14:57"	1110	15297	6.17033
470	2	"3:37:45"	359	13065	7.22446
471	2	"4:18:35"	1191	15515	6.08363
472	2	"5:53:28"	2483	21208	4.45056
473	2	"3:59:05"	783	14345	6.57982
474	2	"3:53:10"	639	13990	6.74678
475	2	"3:49:37"	562	13777	6.85109
476	2	"3:46:28"	499	13588	6.94639
477	2	"5:14:12"	2170	18852	5.00676
478	2	"4:45:31"	1754	17131	5.50975
479	2	"5:39:36"	2413	20376	4.63229
480	2	"4:10:00"	992	15000	6.2925
481	2	"3:22:40"	154	12160	7.76213
482	2	"4:43:14"	1706	16994	5.55417
483	2	"5:08:30"	2107	18510	5.09927
484	2	"4:19:22"	1207	15562	6.06526
485	2	"4:05:26"	897	14726	6.40958
486	2	"3:30:00"	251	12600	7.49107
487	2	"4:43:45"	1718	17025	5.54405
488	2	"4:41:22"	1657	16882	5.59101
489	2	"3:58:17"	769	14297	6.60191
490	2	"3:04:07"	54	11047	8.54418
491	2	"4:59:34"	1981	17974	5.25134
492	2	"4:14:16"	1096	15256	6.18691
493	2	"4:34:27"	1509	16467	5.73192
494	2	"3:32:18"	281	12738	7.40992
495	2	"3:58:11"	767	14291	6.60468
496	2	"3:45:55"	486	13555	6.9633
497	2	"3:48:51"	545	13731	6.87404
498	2	"3:55:02"	693	14102	6.6932
499	2	"3:33:32"	296	12812	7.36712
500	2	"3:04:32"	55	11072	8.52488
501	2	"4:25:40"	1330	15940	5.92142
502	2	"3:36:18"	338	12978	7.27289
503	2	"3:45:09"	471	13509	6.98701
504	2	"3:19:51"	133	11991	7.87153
505	2	"4:45:15"	1748	17115	5.5149
506	2	"3:54:39"	677	14079	6.70413
507	2	"4:26:13"	1338	15973	5.90919
508	2	"5:16:36"	2199	18996	4.96881
509	2	"4:44:48"	1736	17088	5.52361
510	2	"3:57:14"	744	14234	6.63113
511	2	"3:28:37"	226	12517	7.54075
512	2	"3:23:59"	170	12239	7.71203
513	2	"3:22:15"	151	12135	7.77812
514	2	"4:50:03"	1842	17403	5.42363
515	2	"5:02:16"	2017	18136	5.20443
516	2	"3:56:33"	723	14193	6.65029
517	2	"4:09:15"	978	14955	6.31143
518	2	"4:01:26"	832	14486	6.51577
519	2	"4:18:29"	1189	15509	6.08598
520	2	"3:36:04"	331	12964	7.28074
521	2	"3:39:54"	386	13194	7.15382
522	2	"3:08:54"	65	11334	8.32782
523	2	"4:15:54"	1132	15354	6.14742
524	2	"3:47:07"	514	13627	6.92651
525	2	"4:41:48"	1672	16908	5.58242
526	2	"4:04:04"	881	14644	6.44547
527	2	"4:14:53"	1108	15293	6.17194
528	2	"3:59:21"	790	14361	6.57249
529	2	"4:26:18"	1345	15978	5.90734
530	2	"5:09:51"	2124	18591	5.07705
531	2	"4:58:56"	1967	17936	5.26246
532	2	"5:25:12"	2286	19512	4.83741
533	2	"4:53:13"	1889	17593	5.36506
534	2	"5:54:46"	2486	21286	4.43425
535	2	"5:34:36"	2373	20076	4.70151
536	2	"5:02:10"	2016	18130	5.20615
537	2	"3:44:32"	461	13472	7.0062
538	2	"4:10:18"	1002	15018	6.28496
539	2	"4:50:29"	1849	17429	5.41554
540	2	"3:40:39"	397	13239	7.1295
541	2	"3:26:05"	188	12365	7.63344
542	2	"4:07:04"	931	14824	6.36721
543	2	"5:45:49"	2466	20749	4.54901
544	2	"4:19:18"	1205	15558	6.06682
545	2	"3:57:20"	748	14240	6.62834
546	2	"4:07:26"	940	14846	6.35777
547	2	"5:00:10"	1992	18010	5.24084
548	2	"5:21:29"	2252	19289	4.89333
549	2	"3:52:11"	619	13931	6.77536
550	2	"4:10:58"	1016	15058	6.26826
551	2	"3:30:25"	262	12625	7.47624
552	2	"3:48:09"	534	13689	6.89514
553	2	"3:14:51"	98	11691	8.07352
554	2	"3:38:21"	365	13101	7.2046
555	2	"4:30:15"	1426	16215	5.821
556	2	"4:21:39"	1249	15699	6.01233
557	2	"5:12:32"	2154	18752	5.03346
558	2	"3:35:42"	323	12942	7.29312
559	2	"5:27:28"	2305	19648	4.80392
560	2	"4:42:27"	1687	16947	5.56957
561	2	"5:01:19"	2004	18079	5.22084
562	2	"3:20:19"	137	12019	7.85319
563	2	"3:50:57"	590	13857	6.81154
564	2	"3:16:03"	108	11763	8.0241
565	2	"3:51:19"	593	13879	6.80074
566	2	"4:27:49"	1372	16069	5.87389
567	2	"4:00:40"	817	14440	6.53653
568	2	"3:50:25"	577	13825	6.82731
569	2	"3:51:32"	598	13892	6.79438
570	2	"3:23:29"	162	12209	7.73098
571	2	"5:19:30"	2233	19170	4.92371
572	2	"4:29:21"	1409	16161	5.84045
573	2	"3:57:43"	753	14263	6.61765
574	2	"3:17:30"	116	11850	7.96519
575	2	"4:23:44"	1285	15824	5.96483
576	2	"4:06:51"	927	14811	6.3728
577	2	"4:28:44"	1397	16124	5.85385
578	2	"2:37:31"	3	9451	9.98704
579	2	"3:53:09"	637	13989	6.74727
580	2	"5:26:05"	2295	19565	4.8243
581	2	"4:37:51"	1592	16671	5.66178
582	2	"3:30:12"	258	12612	7.48394
583	2	"4:11:03"	1017	15063	6.26618
584	2	"4:48:10"	1808	17290	5.45908
585	2	"4:50:30"	1852	17430	5.41523
586	2	"3:35:40"	322	12940	7.29424
587	2	"4:15:54"	1133	15354	6.14742
588	2	"4:23:48"	1290	15828	5.96332
589	2	"5:58:55"	2492	21535	4.38298
590	2	"5:20:04"	2240	19204	4.91499
591	2	"4:44:39"	1733	17079	5.52652
592	2	"3:32:47"	285	12767	7.39308
593	2	"3:41:12"	407	13272	7.11178
594	2	"3:11:13"	72	11473	8.22692
595	2	"4:59:31"	1980	17971	5.25221
596	2	"3:44:05"	454	13445	7.02027
597	2	"4:42:20"	1685	16940	5.57187
598	2	"3:54:27"	673	14067	6.70985
599	2	"4:13:21"	1073	15201	6.2093
600	2	"3:19:50"	132	11990	7.87219
601	2	"4:11:59"	1040	15119	6.24297
602	2	"4:57:38"	1946	17858	5.28545
603	2	"5:34:50"	2376	20090	4.69823
604	2	"5:20:29"	2247	19229	4.9086
605	2	"4:01:22"	829	14482	6.51757
606	2	"5:11:39"	2147	18699	5.04773
607	2	"4:56:35"	1937	17795	5.30416
608	2	"4:36:56"	1576	16616	5.68052
609	2	"4:07:47"	947	14867	6.34879
610	2	"4:54:04"	1892	17644	5.34955
611	2	"3:57:02"	740	14222	6.63673
612	2	"3:53:31"	651	14011	6.73667
613	2	"5:27:38"	2308	19658	4.80148
614	2	"3:56:27"	718	14187	6.6531
615	2	"4:08:06"	952	14886	6.34069
616	2	"4:20:51"	1239	15651	6.03077
617	2	"4:59:47"	1987	17987	5.24754
618	2	"4:30:55"	1444	16255	5.80668
619	2	"5:23:11"	2268	19391	4.86759
620	2	"4:13:43"	1086	15223	6.20032
621	2	"3:46:44"	502	13604	6.93822
622	2	"5:44:38"	2462	20678	4.56463
623	2	"3:56:50"	734	14210	6.64233
624	2	"4:34:25"	1508	16465	5.73262
625	2	"4:32:29"	1476	16349	5.77329
626	2	"3:52:10"	617	13930	6.77584
627	2	"5:39:44"	2416	20384	4.63047
628	2	"5:18:37"	2225	19117	4.93736
629	2	"5:41:36"	2432	20496	4.60517
630	2	"3:47:15"	519	13635	6.92244
631	2	"4:23:52"	1293	15832	5.96182
632	2	"3:53:38"	655	14018	6.73331
633	2	"4:06:11"	913	14771	6.39006
634	2	"4:28:18"	1384	16098	5.86331
635	2	"4:02:45"	858	14565	6.48043
636	2	"3:36:07"	332	12967	7.27906
637	2	"4:37:14"	1581	16634	5.67437
638	2	"4:10:50"	1015	15050	6.2716
639	2	"5:14:17"	2171	18857	5.00544
640	2	"5:09:54"	2126	18594	5.07623
641	2	"4:36:07"	1549	16567	5.69732
642	2	"4:08:22"	960	14902	6.33388
643	2	"4:59:11"	1975	17951	5.25806
644	2	"4:48:24"	1812	17304	5.45466
645	2	"5:30:50"	2341	19850	4.75504
646	2	"2:58:20"	30	10700	8.82126
647	2	"4:32:07"	1467	16327	5.78107
648	2	"3:50:47"	583	13847	6.81646
649	2	"3:53:23"	647	14003	6.74052
650	2	"5:17:34"	2211	19054	4.95368
651	2	"5:29:08"	2323	19748	4.7796
652	2	"5:37:02"	2390	20222	4.66757
653	2	"5:22:16"	2259	19336	4.88144
654	2	"4:03:48"	875	14628	6.45252
655	2	"4:26:17"	1343	15977	5.90771
656	2	"4:42:30"	1689	16950	5.56858
657	2	"4:02:28"	852	14548	6.48801
658	2	"3:37:41"	357	13061	7.22667
659	2	"3:15:54"	104	11754	8.03025
660	2	"3:38:36"	370	13116	7.19636
661	2	"4:17:15"	1161	15435	6.11516
662	2	"4:08:08"	954	14888	6.33984
663	2	"3:41:16"	408	13276	7.10963
664	2	"4:11:42"	1032	15102	6.25
665	2	"4:50:51"	1855	17451	5.40872
666	2	"4:25:10"	1320	15910	5.93259
667	2	"4:10:36"	1012	15036	6.27743
668	2	"5:05:08"	2058	18308	5.15553
669	2	"3:47:48"	524	13668	6.90573
670	2	"3:53:01"	634	13981	6.75113
671	2	"3:33:42"	297	12822	7.36137
672	2	"4:03:48"	876	14628	6.45252
673	2	"3:14:22"	95	11662	8.0936
674	2	"4:27:59"	1375	16079	5.87023
675	2	"3:48:38"	540	13718	6.88056
676	2	"5:16:57"	2203	19017	4.96332
677	2	"5:28:47"	2318	19727	4.78469
678	2	"5:38:57"	2405	20337	4.64117
679	2	"5:33:03"	2360	19983	4.72339
680	2	"3:52:51"	633	13971	6.75596
681	2	"5:22:28"	2261	19348	4.87841
682	2	"5:25:52"	2292	19552	4.82751
683	2	"3:44:32"	462	13472	7.0062
684	2	"3:02:51"	48	10971	8.60336
685	2	"3:51:40"	603	13900	6.79047
686	2	"5:12:22"	2152	18742	5.03615
687	2	"2:52:06"	16	10326	9.14076
688	2	"3:40:29"	393	13229	7.13489
689	2	"5:01:03"	2000	18063	5.22546
690	2	"3:22:41"	155	12161	7.76149
691	2	"4:58:16"	1956	17896	5.27422
692	2	"4:26:01"	1337	15961	5.91363
693	2	"4:27:19"	1361	16039	5.88487
694	2	"4:10:16"	1000	15016	6.2858
695	2	"3:56:50"	736	14210	6.64233
696	2	"5:09:04"	2117	18544	5.08992
697	2	"3:58:42"	773	14322	6.59039
698	2	"4:17:43"	1174	15463	6.10409
699	2	"4:14:58"	1111	15298	6.16992
700	2	"4:59:01"	1969	17941	5.26099
701	2	"4:58:58"	1968	17938	5.26187
702	2	"4:21:08"	1242	15668	6.02422
703	2	"4:52:15"	1875	17535	5.38281
704	2	"4:38:53"	1613	16733	5.6408
705	2	"4:01:05"	824	14465	6.52523
706	2	"4:06:11"	912	14771	6.39006
707	2	"3:23:56"	169	12236	7.71392
708	2	"4:41:45"	1671	16905	5.58341
709	2	"3:07:01"	61	11221	8.41168
710	2	"4:00:49"	820	14449	6.53246
711	2	"5:17:13"	2209	19033	4.95915
712	2	"3:52:03"	614	13923	6.77925
713	2	"5:37:34"	2396	20254	4.66019
714	2	"4:38:12"	1599	16692	5.65466
715	2	"4:22:40"	1264	15760	5.98906
716	2	"5:01:32"	2007	18092	5.21709
717	2	"3:33:50"	299	12830	7.35678
718	2	"5:04:09"	2048	18249	5.1722
719	2	"4:14:34"	1104	15274	6.17962
720	2	"3:49:21"	556	13761	6.85906
721	2	"3:19:26"	126	11966	7.88797
722	2	"3:24:14"	173	12254	7.70259
723	2	"3:54:53"	688	14093	6.69747
724	2	"5:24:43"	2279	19483	4.84461
725	2	"4:25:37"	1328	15937	5.92254
726	2	"4:59:06"	1973	17946	5.25953
727	2	"4:14:37"	1106	15277	6.17841
728	2	"4:38:30"	1606	16710	5.64856
729	2	"4:01:43"	839	14503	6.50814
730	2	"3:31:27"	274	12687	7.4397
731	2	"3:53:43"	657	14023	6.73091
732	2	"5:20:09"	2243	19209	4.91371
733	2	"5:51:03"	2479	21063	4.4812
734	2	"3:45:56"	487	13556	6.96278
735	2	"4:22:44"	1268	15764	5.98754
736	2	"4:28:53"	1399	16133	5.85059
737	2	"4:08:41"	968	14921	6.32582
738	2	"3:50:19"	574	13819	6.83027
739	2	"3:57:46"	755	14266	6.61626
740	2	"4:43:29"	1710	17009	5.54927
741	2	"3:49:51"	567	13791	6.84414
742	2	"4:01:33"	833	14493	6.51263
743	2	"3:58:09"	765	14289	6.60561
744	2	"5:24:08"	2275	19448	4.85333
745	2	"3:15:40"	102	11740	8.03982
746	2	"4:56:11"	1931	17771	5.31132
747	2	"4:17:11"	1156	15431	6.11675
748	2	"4:46:27"	1776	17187	5.4918
749	2	"4:55:44"	1921	17744	5.3194
750	2	"4:14:03"	1093	15243	6.19219
751	2	"5:42:07"	2439	20527	4.59821
752	2	"4:30:57"	1446	16257	5.80596
753	2	"3:18:33"	119	11913	7.92307
754	2	"4:14:14"	1095	15254	6.18772
755	2	"4:18:09"	1180	15489	6.09384
756	2	"3:29:18"	239	12558	7.51613
757	2	"4:26:44"	1355	16004	5.89774
758	2	"5:23:03"	2266	19383	4.8696
759	2	"3:19:42"	130	11982	7.87744
760	2	"4:30:49"	1442	16249	5.80882
761	2	"3:49:13"	554	13753	6.86305
762	2	"5:09:29"	2121	18569	5.08307
763	2	"4:23:05"	1276	15785	5.97957
764	2	"5:37:03"	2391	20223	4.66733
765	2	"3:58:43"	774	14323	6.58993
766	2	"4:43:20"	1707	17000	5.55221
767	2	"3:52:32"	628	13952	6.76516
768	2	"3:36:32"	343	12992	7.26505
769	2	"3:00:24"	37	10824	8.72021
770	2	"4:32:26"	1474	16346	5.77435
771	2	"4:34:38"	1514	16478	5.72809
772	2	"5:32:52"	2359	19972	4.72599
773	2	"5:39:48"	2418	20388	4.62956
774	2	"5:42:19"	2441	20539	4.59553
775	2	"3:18:44"	121	11924	7.91576
776	2	"3:11:44"	76	11504	8.20476
777	2	"3:27:42"	208	12462	7.57403
778	2	"3:56:29"	722	14189	6.65216
779	2	"3:53:33"	653	14013	6.73571
780	2	"5:06:30"	2084	18390	5.13255
781	2	"3:25:54"	184	12354	7.64024
782	2	"5:44:00"	2458	20640	4.57304
783	2	"4:34:22"	1506	16462	5.73366
784	2	"4:18:49"	1194	15529	6.07814
785	2	"5:38:12"	2399	20292	4.65146
786	2	"4:37:39"	1590	16659	5.66586
787	2	"4:24:20"	1305	15860	5.95129
788	2	"4:18:52"	1195	15532	6.07697
789	2	"4:11:30"	1024	15090	6.25497
790	2	"3:29:58"	249	12598	7.49226
791	2	"4:51:46"	1870	17506	5.39172
792	2	"4:24:13"	1301	15853	5.95392
793	2	"3:08:31"	64	11311	8.34475
794	2	"3:22:43"	157	12163	7.76022
795	2	"4:33:11"	1487	16391	5.7585
796	2	"3:52:36"	629	13956	6.76322
797	2	"2:57:28"	26	10648	8.86434
798	2	"5:13:39"	2163	18819	5.01554
799	2	"5:04:00"	2043	18240	5.17475
800	2	"4:25:42"	1332	15942	5.92068
801	2	"3:33:52"	300	12832	7.35563
802	2	"3:35:22"	317	12922	7.3044
803	2	"5:19:02"	2229	19142	4.93091
804	2	"4:44:16"	1727	17056	5.53398
805	2	"5:42:52"	2446	20572	4.58815
806	2	"4:07:07"	934	14827	6.36592
807	2	"5:20:13"	2244	19213	4.91269
808	2	"4:29:49"	1418	16189	5.83035
809	2	"5:28:57"	2321	19737	4.78226
810	2	"3:15:54"	105	11754	8.03025
811	2	"3:45:17"	473	13517	6.98287
812	2	"3:37:52"	362	13072	7.22059
813	2	"3:49:43"	564	13783	6.84811
814	2	"4:28:11"	1378	16091	5.86586
815	2	"3:41:09"	406	13269	7.11339
816	2	"4:12:27"	1052	15147	6.23143
817	2	"5:25:33"	2289	19533	4.83221
818	2	"3:30:02"	252	12602	7.48988
819	2	"5:05:48"	2068	18348	5.14429
820	2	"3:58:57"	781	14337	6.58349
821	2	"4:23:00"	1273	15780	5.98146
822	2	"5:04:26"	2052	18266	5.16739
823	2	"4:37:04"	1579	16624	5.67779
824	2	"3:47:14"	517	13634	6.92295
825	2	"4:06:52"	928	14812	6.37237
826	2	"3:36:14"	334	12974	7.27513
827	2	"4:12:01"	1041	15121	6.24215
828	2	"4:49:44"	1833	17384	5.42956
829	2	"4:35:43"	1536	16543	5.70559
830	2	"4:36:31"	1562	16591	5.68908
831	2	"5:25:12"	2287	19512	4.83741
832	2	"4:59:03"	1971	17943	5.26041
833	2	"3:00:07"	36	10807	8.73392
834	2	"3:12:26"	81	11546	8.17491
835	2	"4:24:19"	1304	15859	5.95167
836	2	"4:23:31"	1282	15811	5.96974
837	2	"4:00:49"	818	14449	6.53246
838	2	"2:47:29"	9	10049	9.39273
839	2	"3:41:58"	421	13318	7.08721
840	2	"3:20:17"	136	12017	7.8545
841	2	"3:54:45"	683	14085	6.70128
842	2	"3:53:20"	646	14000	6.74196
843	2	"4:46:25"	1775	17185	5.49244
844	2	"4:19:35"	1210	15575	6.06019
845	2	"4:07:12"	938	14832	6.36377
846	2	"4:26:43"	1354	16003	5.89811
847	2	"5:00:16"	1994	18016	5.23909
848	2	"4:32:30"	1477	16350	5.77294
849	2	"5:11:33"	2145	18693	5.04935
850	2	"3:54:53"	687	14093	6.69747
851	2	"4:41:08"	1654	16868	5.59565
852	2	"4:02:22"	850	14542	6.49068
853	2	"4:24:39"	1310	15879	5.94417
854	2	"5:29:28"	2325	19768	4.77476
855	2	"3:47:54"	529	13674	6.9027
856	2	"3:59:45"	801	14385	6.56152
857	2	"3:56:43"	730	14203	6.6456
858	2	"3:52:21"	624	13941	6.7705
859	2	"3:36:21"	339	12981	7.2712
860	2	"3:49:19"	555	13759	6.86006
861	2	"3:56:43"	731	14203	6.6456
862	2	"3:18:00"	117	11880	7.94508
863	2	"3:14:00"	94	11640	8.10889
864	2	"4:28:29"	1393	16109	5.8593
865	2	"5:17:00"	2205	19020	4.96254
866	2	"4:17:13"	1158	15433	6.11595
867	2	"5:10:50"	2137	18650	5.06099
868	2	"3:52:21"	625	13941	6.7705
869	2	"3:58:37"	772	14317	6.59269
870	2	"4:03:18"	865	14598	6.46578
871	2	"3:40:53"	401	13253	7.12197
872	2	"3:34:44"	313	12884	7.32595
873	2	"3:34:31"	309	12871	7.33335
874	2	"5:27:01"	2300	19621	4.81054
875	2	"4:40:34"	1642	16834	5.60696
876	2	"3:28:03"	213	12483	7.56128
877	2	"3:59:17"	789	14357	6.57432
878	2	"4:02:24"	851	14544	6.48979
879	2	"3:29:09"	236	12549	7.52152
880	2	"4:23:51"	1292	15831	5.96219
881	2	"4:59:29"	1978	17969	5.2528
882	2	"3:48:49"	544	13729	6.87505
883	2	"3:45:49"	484	13549	6.96638
884	2	"4:53:54"	1891	17634	5.35259
885	2	"3:58:55"	779	14335	6.58441
886	2	"4:31:22"	1455	16282	5.79705
887	2	"5:44:36"	2461	20676	4.56508
888	2	"5:41:08"	2429	20468	4.61147
889	2	"3:46:52"	512	13612	6.93414
890	2	"4:32:25"	1472	16345	5.7747
891	2	"3:01:43"	41	10903	8.65702
892	2	"4:48:55"	1823	17335	5.44491
893	2	"5:13:32"	2161	18812	5.01741
894	2	"4:40:30"	1638	16830	5.60829
895	2	"4:35:17"	1524	16517	5.71457
896	2	"5:54:40"	2485	21280	4.4355
897	2	"3:57:44"	754	14264	6.61718
898	2	"3:24:31"	174	12271	7.69192
899	2	"3:54:46"	685	14086	6.7008
900	2	"3:46:44"	503	13604	6.93822
901	2	"4:58:49"	1965	17929	5.26452
902	2	"4:04:03"	880	14643	6.44591
903	2	"4:30:20"	1429	16220	5.81921
904	2	"4:41:37"	1669	16897	5.58605
905	2	"3:51:35"	600	13895	6.79291
906	2	"3:59:11"	786	14351	6.57707
907	2	"4:26:44"	1356	16004	5.89774
908	2	"5:07:24"	2097	18444	5.11752
909	2	"4:26:19"	1346	15979	5.90697
910	2	"3:13:27"	87	11607	8.13195
911	2	"3:16:04"	109	11764	8.02342
912	2	"3:53:46"	658	14026	6.72947
913	2	"3:57:48"	756	14268	6.61533
914	2	"4:12:28"	1053	15148	6.23102
915	2	"3:28:03"	212	12483	7.56128
916	2	"4:06:33"	917	14793	6.38055
917	2	"4:56:12"	1932	17772	5.31102
918	2	"3:35:30"	319	12930	7.29988
919	2	"3:58:21"	770	14301	6.60006
920	2	"3:40:16"	392	13216	7.14191
921	2	"4:09:26"	983	14966	6.3068
922	2	"4:26:23"	1349	15983	5.90549
923	2	"3:58:21"	771	14301	6.60006
924	2	"3:33:25"	295	12805	7.37114
925	2	"3:02:44"	47	10964	8.60886
926	2	"4:47:13"	1788	17233	5.47714
927	2	"3:52:24"	627	13944	6.76904
928	2	"3:21:03"	144	12063	7.82455
929	2	"4:42:02"	1680	16922	5.5778
930	2	"3:55:23"	698	14123	6.68325
931	2	"4:07:46"	946	14866	6.34922
932	2	"3:06:11"	59	11171	8.44933
933	2	"3:47:48"	525	13668	6.90573
934	2	"3:44:58"	469	13498	6.9927
935	2	"3:28:06"	216	12486	7.55947
936	2	"3:46:04"	491	13564	6.95868
937	2	"4:13:34"	1079	15214	6.20399
938	2	"5:07:00"	2089	18420	5.12419
939	2	"3:32:08"	278	12728	7.41574
940	2	"3:20:27"	139	12027	7.84797
941	2	"5:05:41"	2066	18341	5.14626
942	2	"3:15:16"	101	11716	8.05629
943	2	"4:31:05"	1450	16265	5.80311
944	2	"4:29:08"	1404	16148	5.84515
945	2	"5:38:56"	2404	20336	4.6414
946	2	"3:51:22"	595	13882	6.79927
947	2	"5:38:29"	2402	20309	4.64757
948	2	"4:01:23"	831	14483	6.51712
949	2	"2:50:23"	14	10223	9.23286
950	2	"2:58:04"	28	10684	8.83447
951	2	"3:44:35"	464	13475	7.00464
952	2	"3:26:47"	201	12407	7.6076
953	2	"4:39:00"	1615	16740	5.63844
954	2	"3:58:15"	768	14295	6.60283
955	2	"4:07:44"	945	14864	6.35007
956	2	"3:10:15"	68	11415	8.26873
957	2	"2:59:56"	34	10796	8.74282
958	2	"5:40:10"	2421	20410	4.62457
959	2	"4:18:58"	1199	15538	6.07462
960	2	"3:56:51"	737	14211	6.64186
961	2	"4:45:02"	1739	17102	5.51909
962	2	"3:50:49"	585	13849	6.81547
963	2	"3:41:03"	404	13263	7.1166
964	2	"4:32:15"	1469	16335	5.77824
965	2	"4:24:53"	1313	15893	5.93894
966	2	"4:47:58"	1803	17278	5.46287
967	2	"4:05:37"	901	14737	6.4048
968	2	"5:16:35"	2198	18995	4.96907
969	2	"4:38:51"	1610	16731	5.64147
970	2	"4:29:42"	1414	16182	5.83287
971	2	"5:18:48"	2228	19128	4.93452
972	2	"4:57:41"	1947	17861	5.28456
973	2	"3:29:23"	240	12563	7.51313
974	2	"5:30:40"	2339	19840	4.75743
975	2	"4:01:56"	844	14516	6.50231
976	2	"3:04:03"	53	11043	8.54727
977	2	"4:01:51"	841	14511	6.50455
978	2	"4:14:00"	1091	15240	6.19341
979	2	"4:45:28"	1753	17128	5.51071
980	2	"4:17:57"	1176	15477	6.09857
981	2	"4:06:58"	929	14818	6.36979
982	2	"5:36:12"	2383	20172	4.67913
983	2	"3:46:47"	505	13607	6.93669
984	2	"4:55:13"	1913	17713	5.32871
985	2	"5:19:36"	2235	19176	4.92217
986	2	"3:42:33"	431	13353	7.06864
987	2	"3:22:59"	161	12179	7.75002
988	2	"3:20:20"	138	12020	7.85254
989	2	"3:49:27"	560	13767	6.85607
990	2	"4:46:19"	1774	17179	5.49435
991	2	"4:25:47"	1333	15947	5.91883
992	2	"4:38:41"	1607	16721	5.64485
993	2	"4:41:25"	1660	16885	5.59002
994	2	"4:37:35"	1589	16655	5.66722
995	2	"4:11:46"	1036	15106	6.24835
996	2	"4:35:04"	1520	16504	5.71907
997	2	"3:36:15"	335	12975	7.27457
998	2	"4:31:12"	1451	16272	5.80061
999	2	"5:03:42"	2039	18222	5.17987
1000	2	"3:52:16"	621	13936	6.77293
1001	2	"2:45:35"	8	9935	9.5005
1002	2	"5:08:39"	2111	18519	5.09679
1003	2	"4:03:27"	870	14607	6.4618
1004	2	"4:09:10"	977	14950	6.31355
1005	2	"4:00:36"	816	14436	6.53834
1006	2	"4:34:17"	1501	16457	5.7354
1007	2	"2:48:33"	11	10113	9.33328
1008	2	"3:13:35"	90	11615	8.12635
1009	2	"4:06:46"	923	14806	6.37495
1010	2	"3:51:22"	594	13882	6.79927
1011	2	"3:37:20"	351	13040	7.23831
1012	2	"4:16:32"	1143	15392	6.13224
1013	2	"3:44:25"	459	13465	7.00984
1014	2	"4:01:14"	827	14474	6.52118
1015	2	"3:46:51"	509	13611	6.93465
1016	2	"4:10:36"	1013	15036	6.27743
1017	2	"4:13:11"	1069	15191	6.21338
1018	2	"3:59:51"	802	14391	6.55879
1019	2	"4:34:00"	1498	16440	5.74133
1020	2	"2:34:25"	2	926510.18753	NA
1021	2	"3:55:10"	695	14110	6.68941
1022	2	"3:46:00"	489	13560	6.96073
1023	2	"5:21:41"	2254	19301	4.89029
1024	2	"5:44:23"	2459	20663	4.56795
1025	2	"3:42:02"	423	13322	7.08509
1026	2	"3:29:10"	237	12550	7.52092
1027	2	"4:37:00"	1578	16620	5.67915
1028	2	"4:02:02"	846	14522	6.49962
1029	2	"4:31:54"	1462	16314	5.78568
1030	2	"4:20:17"	1228	15617	6.04389
1031	2	"3:28:16"	220	12496	7.55342
1032	2	"2:57:26"	25	10646	8.86601
1033	2	"3:55:29"	700	14129	6.68041
1034	2	"2:56:56"	23	10616	8.89106
1035	2	"3:24:45"	175	12285	7.68315
1036	2	"4:26:48"	1357	16008	5.89627
1037	2	"4:23:54"	1295	15834	5.96107
1038	2	"5:27:33"	2307	19653	4.8027
1039	2	"3:30:56"	269	12656	7.45793
1040	2	"3:04:44"	56	11084	8.51565
1041	2	"5:40:07"	2419	20407	4.62525
1042	2	"3:19:08"	123	11948	7.89986
1043	2	"5:28:37"	2316	19717	4.78711
1044	2	"4:23:45"	1286	15825	5.96446
1045	2	"3:27:04"	204	12424	7.59719
1046	2	"4:02:42"	855	14562	6.48177
1047	2	"3:54:12"	666	14052	6.71702
1048	2	"3:37:40"	356	13060	7.22722
1049	2	"3:30:46"	265	12646	7.46382
1050	2	"4:27:41"	1369	16061	5.87681
1051	2	"4:05:54"	907	14754	6.39742
1052	2	"4:12:50"	1059	15170	6.22198
1053	2	"4:03:31"	873	14611	6.46003
1054	2	"4:48:08"	1806	17288	5.45971
1055	2	"5:24:40"	2278	19480	4.84535
1056	2	"3:51:54"	610	13914	6.78364
1057	2	"3:38:58"	375	13138	7.18431
1058	2	"5:18:29"	2223	19109	4.93943
1059	2	"5:03:36"	2037	18216	5.18157
1060	2	"4:29:40"	1412	16180	5.83359
1061	2	"5:07:38"	2099	18458	5.11364
1062	2	"4:08:21"	959	14901	6.33431
1063	2	"3:44:21"	457	13461	7.01192
1064	2	"3:54:43"	681	14083	6.70223
1065	2	"4:08:45"	970	14925	6.32412
1066	2	"4:43:07"	1702	16987	5.55646
1067	2	"4:45:35"	1758	17135	5.50846
1068	2	"3:54:09"	662	14049	6.71845
1069	2	"3:21:10"	145	12070	7.82001
1070	2	"3:15:43"	103	11743	8.03777
1071	2	"3:32:22"	282	12742	7.40759
1072	2	"3:53:48"	659	14028	6.72851
1073	2	"2:32:54"	1	917410.28859	NA
1074	2	"3:08:55"	66	11335	8.32708
1075	2	"5:03:57"	2041	18237	5.17561
1076	2	"4:09:03"	976	14943	6.3165
1077	2	"4:49:09"	1826	17349	5.44052
1078	2	"3:17:25"	115	11845	7.96855
1079	2	"4:42:33"	1690	16953	5.5676
1080	2	"3:54:54"	690	14094	6.697
1081	2	"4:49:52"	1834	17392	5.42706
1082	2	"2:40:41"	6	9641	9.79022
1083	2	"4:12:31"	1054	15151	6.22979
1084	2	"4:17:14"	1159	15434	6.11556
1085	2	"4:20:43"	1235	15643	6.03385
1086	2	"3:59:27"	793	14367	6.56974
1087	2	"3:25:59"	185	12359	7.63715
1088	2	"5:02:51"	2026	18171	5.1944
1089	2	"3:22:33"	153	12153	7.7666
1090	2	"4:40:01"	1631	16801	5.61797
1091	2	"4:35:26"	1528	16526	5.71146
1092	2	"4:49:19"	1828	17359	5.43738
1093	2	"4:52:16"	1877	17536	5.3825
1094	2	"4:04:58"	893	14698	6.42179
1095	2	"4:35:59"	1542	16559	5.70007
1096	2	"3:00:03"	35	10803	8.73716
1097	2	"3:30:09"	256	12609	7.48572
1098	2	"4:03:06"	862	14586	6.4711
1099	2	"4:55:03"	1907	17703	5.33172
1100	2	"5:14:24"	2173	18864	5.00358
1101	2	"3:38:27"	368	13107	7.20131
1102	2	"3:12:54"	84	11574	8.15513
1103	2	"4:10:16"	1001	15016	6.2858
1104	2	"3:34:20"	305	12860	7.33962
1105	2	"4:04:23"	886	14663	6.43712
1106	2	"3:18:37"	120	11917	7.92041
1107	2	"4:10:05"	995	15005	6.2904
1108	2	"5:18:17"	2221	19097	4.94253
1109	2	"6:05:40"	2494	21940	4.30207
1110	2	"4:41:29"	1665	16889	5.5887
1111	2	"4:30:29"	1432	16229	5.81598
1112	2	"3:53:10"	640	13990	6.74678
1113	2	"3:44:45"	465	13485	6.99944
1114	2	"4:23:16"	1280	15796	5.97541
1115	2	"5:46:15"	2469	20775	4.54332
1116	2	"3:16:45"	113	11805	7.99555
1117	2	"4:55:35"	1919	17735	5.3221
1118	2	"5:17:39"	2212	19059	4.95239
1119	2	"4:56:07"	1929	17767	5.31252
1120	2	"3:47:28"	523	13648	6.91585
1121	2	"4:15:11"	1115	15311	6.16469
1122	2	"4:56:45"	1940	17805	5.30118
1123	2	"3:50:47"	584	13847	6.81646
1124	2	"3:59:31"	794	14371	6.56792
1125	2	"4:44:02"	1725	17042	5.53852
1126	2	"4:16:34"	1144	15394	6.13145
1127	2	"4:16:36"	1146	15396	6.13065
1128	2	"3:32:50"	286	12770	7.39135
1129	2	"3:48:32"	539	13712	6.88357
1130	2	"3:50:13"	572	13813	6.83324
1131	2	"4:54:16"	1894	17656	5.34592
1132	2	"3:23:50"	167	12230	7.7177
1133	2	"5:50:31"	2476	21031	4.48802
1134	2	"3:22:53"	160	12173	7.75384
1135	2	"4:41:02"	1651	16862	5.59765
1136	2	"5:05:32"	2063	18332	5.14878
1137	2	"4:28:15"	1379	16095	5.8644
1138	2	"4:41:27"	1662	16887	5.58936
1139	2	"3:47:52"	527	13672	6.90371
1140	2	"3:56:18"	713	14178	6.65732
1141	2	"3:52:24"	626	13944	6.76904
1142	2	"3:28:41"	228	12521	7.53834
1143	2	"3:54:53"	689	14093	6.69747
1144	2	"3:29:40"	245	12580	7.50298
1145	2	"3:27:18"	206	12438	7.58864
1146	2	"5:15:11"	2179	18911	4.99114
1147	2	"5:09:55"	2127	18595	5.07596
1148	2	"4:04:34"	889	14674	6.4323
1149	2	"4:27:30"	1367	16050	5.88084
1150	2	"5:49:08"	2472	20948	4.5058
1151	2	"4:56:44"	1939	17804	5.30148
1152	2	"3:41:32"	411	13292	7.10108
1153	2	"5:36:12"	2384	20172	4.67913
1154	2	"5:07:54"	2102	18474	5.10921
1155	2	"3:19:27"	127	11967	7.88732
1156	2	"5:09:43"	2123	18583	5.07924
1157	2	"3:57:51"	758	14271	6.61394
1158	2	"4:40:46"	1646	16846	5.60296
1159	2	"4:42:15"	1684	16935	5.57352
1160	2	"4:11:42"	1033	15102	6.25
1161	2	"3:45:48"	482	13548	6.9669
1162	2	"4:29:41"	1413	16181	5.83323
1163	2	"3:32:14"	279	12734	7.41224
1164	2	"3:59:52"	803	14392	6.55833
1165	2	"4:08:18"	957	14898	6.33558
1166	2	"4:41:06"	1653	16866	5.59632
1167	2	"5:55:41"	2487	21341	4.42283
1168	2	"5:01:56"	2010	18116	5.21017
1169	2	"5:13:30"	2160	18810	5.01794
1170	2	"3:59:42"	800	14382	6.56289
1171	2	"4:11:09"	1019	15069	6.26369
1172	2	"3:30:08"	255	12608	7.48632
1173	2	"4:36:16"	1555	16576	5.69423
1174	2	"4:52:40"	1882	17560	5.37514
1175	2	"3:01:00"	39	10860	8.6913
1176	2	"4:52:21"	1879	17541	5.38097
1177	2	"3:55:07"	694	14107	6.69083
1178	2	"4:32:25"	1471	16345	5.7747
1179	2	"5:30:56"	2342	19856	4.7536
1180	2	"3:42:18"	426	13338	7.07659
1181	2	"3:42:08"	425	13328	7.0819
1182	2	"3:58:44"	776	14324	6.58947
1183	2	"3:58:04"	763	14284	6.60792
1184	2	"4:42:42"	1691	16962	5.56464
1185	2	"4:43:09"	1703	16989	5.5558
1186	2	"4:12:01"	1042	15121	6.24215
1187	2	"4:35:20"	1527	16520	5.71353
1188	2	"3:54:36"	674	14076	6.70556
1189	2	"4:22:22"	1259	15742	5.9959
1190	2	"3:40:30"	395	13230	7.13435
1191	2	"4:44:19"	1728	17059	5.533
1192	2	"3:53:26"	649	14006	6.73908
1193	2	"4:22:48"	1271	15768	5.98602
1194	2	"3:11:44"	77	11504	8.20476
1195	2	"4:24:08"	1299	15848	5.9558
1196	2	"3:58:10"	766	14290	6.60514
1197	2	"3:57:32"	752	14252	6.62276
1198	2	"4:26:42"	1353	16002	5.89848
1199	2	"4:01:16"	828	14476	6.52028
1200	2	"3:26:02"	187	12362	7.63529
1201	2	"4:06:33"	918	14793	6.38055
1202	2	"4:09:36"	987	14976	6.30258
1203	2	"3:45:14"	472	13514	6.98442
1204	2	"3:45:33"	478	13533	6.97462
1205	2	"4:16:38"	1147	15398	6.12986
1206	2	"5:22:24"	2260	19344	4.87942
1207	2	"3:15:08"	100	11708	8.0618
1208	2	"4:35:59"	1545	16559	5.70007
1209	2	"4:59:01"	1970	17941	5.26099
1210	2	"4:31:01"	1449	16261	5.80453
1211	2	"4:08:57"	973	14937	6.31904
1212	2	"4:07:08"	935	14828	6.36549
1213	2	"3:29:07"	235	12547	7.52272
1214	2	"4:28:17"	1381	16097	5.86367
1215	2	"4:23:12"	1279	15792	5.97692
1216	2	"4:02:41"	854	14561	6.48221
1217	2	"5:40:33"	2426	20433	4.61937
1218	2	"3:42:02"	424	13322	7.08509
1219	2	"4:07:51"	950	14871	6.34709
1220	2	"3:32:43"	283	12763	7.3954
1221	2	"5:27:20"	2302	19640	4.80588
1222	2	"3:27:06"	205	12426	7.59597
1223	2	"4:13:36"	1081	15216	6.20317
1224	2	"4:22:37"	1263	15757	5.9902
1225	2	"3:49:56"	569	13796	6.84166
1226	2	"4:39:18"	1619	16758	5.63239
1227	2	"4:10:32"	1011	15032	6.27911
1228	2	"4:00:29"	813	14429	6.54151
1229	2	"5:01:53"	2008	18113	5.21104
1230	2	"4:54:48"	1902	17688	5.33625
1231	2	"5:41:37"	2434	20497	4.60494
1232	2	"3:26:25"	195	12385	7.62111
1233	2	"3:28:31"	224	12511	7.54436
1234	2	"3:29:45"	247	12585	7.5
1235	2	"3:02:08"	43	10928	8.63722
1236	2	"4:35:55"	1540	16555	5.70145
1237	2	"4:45:16"	1749	17116	5.51458
1238	2	"4:11:45"	1034	15105	6.24876
1239	2	"5:16:14"	2189	18974	4.97457
1240	2	"4:38:23"	1604	16703	5.65093
1241	2	"3:31:06"	272	12666	7.45204
1242	2	"4:19:40"	1212	15580	6.05825
1243	2	"4:29:11"	1406	16151	5.84407
1244	2	"3:29:17"	238	12557	7.51672
1245	2	"4:36:05"	1548	16565	5.69801
1246	2	"4:19:25"	1209	15565	6.06409
1247	2	"3:25:45"	183	12345	7.64581
1248	2	"4:58:28"	1958	17908	5.27069
1249	2	"3:49:53"	568	13793	6.84315
1250	2	"4:41:13"	1656	16873	5.594
1251	2	"5:04:29"	2053	18269	5.16654
1252	2	"3:28:49"	229	12529	7.53352
1253	2	"4:18:00"	1177	15480	6.09738
1254	2	"3:42:48"	434	13368	7.06071
1255	2	"3:27:31"	207	12451	7.58072
1256	2	"5:04:57"	2057	18297	5.15863
1257	2	"4:07:10"	937	14830	6.36463
1258	2	"4:08:38"	964	14918	6.32709
1259	2	"3:41:36"	413	13296	7.09894
1260	2	"4:43:30"	1711	17010	5.54894
1261	2	"4:31:29"	1457	16289	5.79456
1262	2	"4:33:17"	1488	16397	5.75639
1263	2	"4:29:06"	1402	16146	5.84588
1264	2	"4:36:39"	1568	16599	5.68634
1265	2	"3:40:09"	391	13209	7.1457
1266	2	"4:24:06"	1298	15846	5.95655
1267	2	"3:16:45"	112	11805	7.99555
1268	2	"4:13:10"	1067	15190	6.21379
1269	2	"4:57:47"	1949	17867	5.28278
1270	2	"5:17:49"	2213	19069	4.94979
1271	2	"4:58:23"	1957	17903	5.27216
1272	2	"3:26:46"	200	12406	7.60821
1273	2	"4:35:41"	1535	16541	5.70628
1274	2	"5:04:12"	2049	18252	5.17135
1275	2	"3:57:56"	759	14276	6.61162
1276	2	"5:13:06"	2158	18786	5.02435
1277	2	"3:26:11"	189	12371	7.62974
1278	2	"4:15:47"	1128	15347	6.15023
1279	2	"2:59:13"	32	10753	8.77778
1280	2	"3:28:14"	218	12494	7.55463
1281	2	"3:10:36"	69	11436	8.25354
1282	2	"5:30:48"	2340	19848	4.75552
1283	2	"3:46:50"	508	13610	6.93516
1284	2	"2:57:22"	24	10642	8.86934
1285	2	"4:31:26"	1456	16286	5.79562
1286	2	"4:03:22"	866	14602	6.46401
1287	2	"4:23:50"	1291	15830	5.96257
1288	2	"4:24:28"	1308	15868	5.94829
1289	2	"3:59:05"	784	14345	6.57982
1290	2	"4:27:21"	1364	16041	5.88414
1291	2	"3:29:05"	234	12545	7.52391
1292	2	"4:23:04"	1275	15784	5.97995
1293	2	"3:56:24"	716	14184	6.65451
1294	2	"3:14:40"	96	11680	8.08112
1295	2	"3:46:52"	510	13612	6.93414
1296	2	"5:16:27"	2195	18987	4.97116
1297	2	"4:48:47"	1819	17327	5.44742
1298	2	"4:31:15"	1452	16275	5.79954
1299	2	"4:42:59"	1697	16979	5.55907
1300	2	"4:43:00"	1698	16980	5.55875
1301	2	"4:04:15"	884	14655	6.44064
1302	2	"4:13:02"	1062	15182	6.21707
1303	2	"5:22:09"	2257	19329	4.88321
1304	2	"5:05:37"	2064	18337	5.14738
1305	2	"4:08:30"	962	14910	6.33048
1306	2	"4:26:16"	1341	15976	5.90808
1307	2	"5:03:02"	2028	18182	5.19126
1308	2	"4:28:25"	1390	16105	5.86076
1309	2	"5:49:25"	2474	20965	4.50215
1310	2	"4:07:05"	933	14825	6.36678
1311	2	"3:23:51"	168	12231	7.71707
1312	2	"3:35:38"	321	12938	7.29537
1313	2	"4:05:05"	895	14705	6.41874
1314	2	"3:04:52"	57	11092	8.50951
1315	2	"3:13:35"	89	11615	8.12635
1316	2	"3:23:40"	163	12220	7.72402
1317	2	"4:09:34"	984	14974	6.30343
1318	2	"4:11:41"	1031	15101	6.25041
1319	2	"3:43:55"	450	13435	7.02549
1320	2	"3:45:04"	470	13504	6.9896
1321	2	"4:46:51"	1782	17211	5.48414
1322	2	"3:55:53"	707	14153	6.66908
1323	2	"3:50:36"	581	13836	6.82188
1324	2	"3:29:39"	244	12579	7.50358
1325	2	"4:02:18"	849	14538	6.49247
1326	2	"3:20:42"	143	12042	7.83819
1327	2	"4:14:25"	1099	15265	6.18326
1328	2	"4:41:01"	1649	16861	5.59798
1329	2	"4:22:09"	1255	15729	6.00086
1330	2	"3:25:15"	179	12315	7.66443
1331	2	"4:15:44"	1124	15344	6.15143
1332	2	"3:19:14"	125	11954	7.89589
1333	2	"3:19:29"	128	11969	7.886
1334	2	"4:48:22"	1811	17302	5.45529
1335	2	"5:05:22"	2062	18322	5.15159
1336	2	"4:27:41"	1370	16061	5.87681
1337	2	"4:21:02"	1241	15662	6.02653
1338	2	"4:30:52"	1443	16252	5.80775
1339	2	"3:49:46"	566	13786	6.84662
1340	2	"4:01:34"	834	14494	6.51218
1341	2	"3:47:55"	531	13675	6.90219
1342	2	"3:55:12"	696	14112	6.68846
1343	2	"4:07:28"	942	14848	6.35692
1344	2	"3:48:53"	547	13733	6.87304
1345	2	"4:40:08"	1634	16808	5.61563
1346	2	"3:46:49"	506	13609	6.93567
1347	2	"4:34:34"	1512	16474	5.72948
1348	2	"3:41:48"	416	13308	7.09254
1349	2	"5:06:47"	2085	18407	5.12781
1350	2	"5:34:39"	2374	20079	4.70081
1351	2	"5:30:28"	2338	19828	4.76031
1352	2	"3:15:59"	107	11759	8.02683
1353	2	"3:44:50"	468	13490	6.99685
1354	2	"4:39:52"	1627	16792	5.62098
1355	2	"3:21:27"	146	12087	7.80901
1356	2	"3:20:30"	141	12030	7.84601
1357	2	"3:34:41"	312	12881	7.32765
1358	2	"3:49:27"	559	13767	6.85607
1359	2	"4:39:27"	1622	16767	5.62936
1360	2	"3:42:21"	428	13341	7.07499
1361	2	"4:13:19"	1072	15199	6.21011
1362	2	"3:42:56"	436	13376	7.05648
1363	2	"4:37:52"	1594	16672	5.66144
1364	2	"4:15:47"	1127	15347	6.15023
1365	2	"4:20:56"	1240	15656	6.02884
1366	2	"4:48:56"	1824	17336	5.4446
1367	2	"3:50:51"	589	13851	6.81449
1368	2	"3:46:27"	497	13587	6.9469
1369	2	"4:11:45"	1035	15105	6.24876
1370	2	"4:43:45"	1719	17025	5.54405
1371	2	"3:38:48"	371	13128	7.18979
1372	2	"3:56:11"	710	14171	6.66061
1373	2	"4:50:53"	1857	17453	5.4081
1374	2	"4:44:24"	1729	17064	5.53138
1375	2	"2:59:14"	33	10754	8.77697
1376	2	"4:54:44"	1900	17684	5.33745
1377	2	"4:45:13"	1746	17113	5.51554
1378	2	"4:03:26"	869	14606	6.46224
1379	2	"3:52:38"	630	13958	6.76225
1380	2	"5:16:11"	2188	18971	4.97536
1381	2	"4:30:08"	1424	16208	5.82351
1382	2	"4:05:45"	906	14745	6.40132
1383	2	"3:22:42"	156	12162	7.76085
1384	2	"3:26:32"	197	12392	7.61681
1385	2	"4:13:14"	1070	15194	6.21216
1386	2	"4:34:00"	1497	16440	5.74133
1387	2	"4:06:40"	920	14800	6.37753
1388	2	"3:31:14"	273	12674	7.44733
1389	2	"3:11:09"	71	11469	8.22979
1390	2	"3:45:52"	485	13552	6.96484
1391	2	"3:47:13"	516	13633	6.92346
1392	2	"5:16:17"	2190	18977	4.97378
1393	2	"5:10:24"	2132	18624	5.06806
1394	2	"3:11:44"	75	11504	8.20476
1395	2	"3:57:50"	757	14270	6.6144
1396	2	"4:19:55"	1216	15595	6.05242
1397	2	"4:55:58"	1925	17758	5.31521
1398	2	"4:12:26"	1051	15146	6.23184
1399	2	"4:02:35"	853	14555	6.48489
1400	2	"4:55:34"	1918	17734	5.3224
1401	2	"4:55:34"	1917	17734	5.3224
1402	2	"3:40:08"	389	13208	7.14624
1403	2	"4:43:50"	1722	17030	5.54243
1404	2	"4:18:37"	1192	15517	6.08285
1405	2	"4:03:10"	863	14590	6.46933
1406	2	"3:44:33"	463	13473	7.00568
1407	2	"3:36:53"	347	13013	7.25332
1408	2	"3:50:32"	580	13832	6.82385
1409	2	"4:05:04"	894	14704	6.41917
1410	2	"4:56:09"	1930	17769	5.31192
1411	2	"4:52:54"	1887	17574	5.37086
1412	2	"3:52:11"	618	13931	6.77536
1413	2	"5:28:07"	2312	19687	4.79441
1414	2	"3:50:57"	591	13857	6.81154
1415	2	"5:06:08"	2075	18368	5.13869
1416	2	"3:51:36"	602	13896	6.79242
1417	2	"3:58:01"	761	14281	6.60931
1418	2	"4:03:16"	864	14596	6.46667
1419	2	"4:17:28"	1166	15448	6.11001
1420	2	"5:23:19"	2272	19399	4.86559
1421	2	"4:10:06"	996	15006	6.28998
1422	2	"4:48:43"	1816	17323	5.44868
1423	2	"4:46:08"	1768	17168	5.49787
1424	2	"4:05:55"	908	14755	6.39698
1425	2	"3:42:19"	427	13339	7.07606
1426	2	"4:39:33"	1623	16773	5.62735
1427	2	"3:38:52"	373	13132	7.1876
1428	2	"3:03:48"	50	11028	8.5589
1429	2	"4:33:35"	1489	16415	5.75008
1430	2	"3:51:50"	608	13910	6.78559
1431	2	"5:25:38"	2290	19538	4.83097
1432	2	"5:45:55"	2468	20755	4.5477
1433	2	"5:03:39"	2038	18219	5.18072
1434	2	"4:12:11"	1045	15131	6.23802
1435	2	"3:48:48"	543	13728	6.87555
1436	2	"4:56:41"	1938	17801	5.30237
1437	2	"3:48:23"	537	13703	6.88809
1438	2	"5:13:42"	2164	18822	5.01474
1439	2	"4:39:20"	1620	16760	5.63171
1440	2	"3:56:18"	712	14178	6.65732
1441	2	"5:11:34"	2146	18694	5.04908
1442	2	"3:49:22"	557	13762	6.85856
1443	2	"3:18:51"	122	11931	7.91111
1444	2	"5:26:30"	2296	19590	4.81815
1445	2	"5:39:24"	2411	20364	4.63502
1446	2	"4:01:40"	837	14500	6.50948
1447	2	"3:54:09"	663	14049	6.71845
1448	2	"3:56:05"	709	14165	6.66343
1449	2	"3:34:38"	311	12878	7.32936
1450	2	"4:28:06"	1376	16086	5.86768
1451	2	"3:31:00"	270	12660	7.45557
1452	2	"3:36:34"	344	12994	7.26393
1453	2	"3:35:55"	328	12955	7.2858
1454	2	"3:35:04"	315	12904	7.31459
